# Fraction of RTTS longer than a given time for dctcp_tfo_staggered_w4 experiment
# Includes messages <= 315 bytes; measured at 2026-04-01 21:27:32.723706
# Data collected at 2026-04-01 21:27:32.723706 
#       usec        frac
      29.890  0.99997689
      31.030  0.99993067
      31.730  0.99988445
      32.050  0.99983823
      32.490  0.99976890
      32.820  0.99972268
      33.150  0.99963025
      33.510  0.99942226
      33.880  0.99926049
      34.230  0.99909872
      34.580  0.99879830
      34.960  0.99847476
      35.330  0.99815123
      35.690  0.99771215
      36.060  0.99690331
      36.430  0.99639490
      36.800  0.99565539
      37.170  0.99475411
      37.550  0.99371418
      37.930  0.99267425
      38.310  0.99144944
      38.710  0.99013219
      39.100  0.98881494
      39.500  0.98708172
      39.900  0.98548715
      40.300  0.98396192
      40.730  0.98213625
      41.140  0.98042614
      41.560  0.97876225
      41.980  0.97721390
      42.400  0.97552690
      42.830  0.97397855
      43.260  0.97240710
      43.700  0.97092808
      44.150  0.96944907
      44.600  0.96831669
      45.050  0.96686079
      45.510  0.96515067
      45.970  0.96362544
      46.440  0.96184600
      46.910  0.95958125
      47.380  0.95715474
      47.860  0.95458957
      48.340  0.95146977
      48.830  0.94832686
      49.320  0.94444444
      49.820  0.94021538
      50.320  0.93610187
      50.830  0.93166482
      51.340  0.92727399
      51.860  0.92260584
      52.390  0.91766038
      52.920  0.91227584
      53.450  0.90746903
      53.990  0.90287022
      54.530  0.89891847
      55.080  0.89448142
      55.640  0.89064522
      56.200  0.88701701
      56.770  0.88336569
      57.340  0.88024589
      57.920  0.87763450
      58.500  0.87493067
      59.090  0.87245794
      59.690  0.86963857
      60.290  0.86748937
      60.900  0.86517841
      61.510  0.86286744
      62.130  0.86101867
      62.780  0.85905435
      63.410  0.85697449
      64.060  0.85482529
      64.720  0.85299963
      65.370  0.85119708
      66.040  0.84927898
      66.710  0.84733777
      67.380  0.84560455
      68.060  0.84384822
      68.760  0.84234609
      69.450  0.84054354
      70.170  0.83945739
      70.880  0.83790904
      71.590  0.83633759
      72.310  0.83478924
      73.060  0.83319468
      73.800  0.83164633
      74.540  0.83002866
      75.300  0.82866519
      76.060  0.82704751
      76.830  0.82573026
      77.610  0.82438991
      78.400  0.82314199
      79.190  0.82154742
      80.000  0.82009151
      80.830  0.81858939
      81.640  0.81738769
      82.460  0.81586245
      83.290  0.81440654
      84.130  0.81295064
      84.990  0.81165650
      85.870  0.81031614
      86.730  0.80876779
      87.600  0.80775097
      88.480  0.80643372
      89.380  0.80479294
      90.280  0.80329081
      91.230  0.80183490
      92.160  0.80047144
      93.100  0.79906175
      94.040  0.79783694
      95.000  0.79654280
      95.950  0.79513311
      96.950  0.79376964
      97.920  0.79196709
      98.920  0.79053429
      99.910  0.78903217
     100.940  0.78762248
     101.950  0.78600481
     102.980  0.78459512
     104.020  0.78325476
     105.070  0.78166020
     106.130  0.77992697
     107.200  0.77847107
     108.280  0.77669163
     109.390  0.77491218
     110.490  0.77343317
     111.630  0.77174616
     112.760  0.76998983
     113.900  0.76853392
     115.040  0.76714735
     116.200  0.76583010
     117.370  0.76430486
     118.600  0.76277963
     119.790  0.76116195
     121.000  0.75979848
     122.230  0.75829636
     123.470  0.75672490
     124.710  0.75506101
     125.970  0.75330468
     127.240  0.75150213
     128.550  0.74972268
     129.880  0.74785080
     131.210  0.74600203
     132.540  0.74433814
     133.890  0.74230449
     135.270  0.74052505
     136.660  0.73867628
     138.030  0.73710483
     139.450  0.73514051
     140.850  0.73331485
     142.260  0.73162784
     143.700  0.72954798
     145.140  0.72786097
     146.610  0.72619708
     148.080  0.72451008
     149.600  0.72266131
     151.100  0.72072010
     152.630  0.71907931
     154.170  0.71706877
     155.720  0.71522000
     157.290  0.71374099
     158.870  0.71177667
     160.460  0.71002034
     162.080  0.70824089
     163.740  0.70671566
     165.390  0.70472823
     167.050  0.70271769
     168.740  0.70075337
     170.460  0.69874284
     172.190  0.69673230
     173.940  0.69453688
     175.710  0.69250324
     177.480  0.69077001
     179.280  0.68880569
     181.080  0.68656406
     182.940  0.68443797
     184.780  0.68208079
     186.710  0.67995471
     188.580  0.67764374
     190.500  0.67565631
     192.420  0.67346090
     194.360  0.67121926
     196.320  0.66932427
     198.320  0.66712886
     200.320  0.66511832
     202.330  0.66313089
     204.370  0.66107414
     206.430  0.65876317
     208.540  0.65661398
     210.630  0.65448789
     212.760  0.65192272
     214.900  0.64908024
     217.080  0.64720836
     219.260  0.64540581
     221.470  0.64288686
     223.690  0.64096876
     225.930  0.63881956
     228.290  0.63669347
     230.600  0.63435940
     232.930  0.63200222
     235.280  0.62976058
     237.640  0.62740340
     240.020  0.62523110
     242.440  0.62303568
     244.870  0.62070161
     247.330  0.61836754
     249.810  0.61617212
     252.310  0.61372250
     254.860  0.61118044
     257.420  0.60870771
     260.020  0.60618876
     262.660  0.60397023
     265.320  0.60117397
     267.980  0.59877057
     270.670  0.59671381
     273.380  0.59380200
     276.120  0.59165280
     278.890  0.58957293
     281.700  0.58703087
     284.560  0.58460436
     287.480  0.58162322
     290.380  0.57933537
     293.290  0.57635422
     296.250  0.57341930
     299.220  0.57036883
     302.300  0.56784988
     305.370  0.56503050
     308.450  0.56225735
     311.560  0.55936864
     314.690  0.55678037
     317.880  0.55433075
     321.070  0.55116473
     324.340  0.54915419
     327.590  0.54656591
     330.880  0.54420873
     334.200  0.54113515
     337.560  0.53824644
     341.010  0.53535774
     344.440  0.53279257
     347.930  0.52974210
     351.440  0.52738491
     354.970  0.52414957
     358.590  0.52133019
     362.200  0.51874191
     365.850  0.51573766
     369.580  0.51264097
     373.300  0.50975226
     377.060  0.50647070
     380.880  0.50305047
     384.700  0.49967647
     388.560  0.49681087
     392.500  0.49438436
     396.470  0.49170364
     400.450  0.48897671
     404.460  0.48643465
     408.510  0.48340728
     412.610  0.48021815
     416.770  0.47702903
     421.030  0.47393233
     425.280  0.47085875
     429.540  0.46755408
     433.860  0.46445739
     438.200  0.46182289
     442.660  0.45849510
     447.120  0.45509798
     451.600  0.45220928
     456.160  0.44920503
     460.750  0.44657053
     465.370  0.44338140
     470.030  0.44030782
     474.740  0.43714180
     479.490  0.43397578
     484.290  0.43034757
     489.170  0.42752819
     494.070  0.42433906
     499.090  0.42121926
     504.100  0.41844611
     509.170  0.41511832
     514.360  0.41218340
     519.590  0.40887872
     524.790  0.40615178
     530.040  0.40330930
     535.350  0.40009706
     540.710  0.39746256
     546.120  0.39445831
     551.640  0.39113052
     557.160  0.38842670
     562.740  0.38521446
     568.440  0.38170179
     574.130  0.37848955
     579.900  0.37562396
     585.750  0.37222684
     591.630  0.36869107
     597.560  0.36506286
     603.550  0.36157330
     609.130  0.35794509
     615.300  0.35480218
     621.530  0.35156683
     627.900  0.34810039
     634.210  0.34470327
     640.560  0.34132927
     647.000  0.33823258
     653.390  0.33483546
     659.270  0.33148456
     665.990  0.32861897
     672.700  0.32540673
     679.440  0.32247181
     686.250  0.31923646
     692.610  0.31602422
     699.590  0.31332039
     705.790  0.31017748
     712.340  0.30705768
     719.490  0.30400721
     726.860  0.30118784
     734.160  0.29820669
     741.270  0.29520244
     748.630  0.29224441
     755.480  0.28930948
     762.610  0.28639767
     769.190  0.28353208
     775.630  0.28068959
     781.460  0.27787022
     787.090  0.27507395
     793.700  0.27230079
     799.620  0.26957386
     806.120  0.26687003
     813.020  0.26418931
     819.340  0.26153171
     826.040  0.25889721
     832.120  0.25628582
     838.520  0.25372065
     845.030  0.25117859
     851.110  0.24865964
     856.530  0.24616380
     863.010  0.24369107
     870.220  0.24124145
     877.080  0.23881494
     883.230  0.23641154
     889.760  0.23403124
     897.420  0.23167406
     903.420  0.22933999
     909.620  0.22702903
     916.090  0.22474117
     922.590  0.22247643
     928.970  0.22023479
     934.910  0.21801627
     942.210  0.21582085
     948.210  0.21364855
     955.050  0.21149935
     961.500  0.20937327
     968.120  0.20727029
     974.080  0.20519042
     980.400  0.20313367
     988.020  0.20110002
     995.620  0.19906637
    1002.750  0.19705583
    1009.590  0.19506840
    1017.620  0.19310409
    1024.330  0.19116288
    1031.250  0.18924478
    1039.110  0.18734979
    1046.200  0.18545480
    1051.200  0.18358292
    1058.790  0.18173415
    1065.830  0.17990849
    1071.260  0.17810593
    1076.420  0.17630338
    1083.950  0.17452394
    1090.520  0.17276761
    1098.050  0.17103439
    1105.830  0.16930116
    1112.520  0.16759105
    1119.680  0.16590405
    1126.640  0.16424016
    1133.120  0.16257626
    1140.240  0.16093548
    1147.960  0.15931780
    1156.060  0.15772324
    1164.910  0.15612867
    1172.690  0.15455722
    1180.270  0.15300887
    1185.430  0.15146053
    1192.370  0.14993529
    1198.740  0.14843317
    1205.320  0.14693104
    1210.490  0.14545202
    1217.000  0.14399612
    1224.010  0.14254021
    1231.640  0.14110741
    1238.340  0.13967462
    1244.750  0.13826493
    1251.550  0.13687835
    1256.840  0.13549177
    1262.840  0.13412830
    1269.160  0.13276484
    1274.770  0.13142448
    1281.330  0.13010723
    1288.030  0.12878998
    1295.250  0.12749584
    1301.260  0.12620170
    1307.980  0.12493067
    1312.870  0.12365964
    1317.940  0.12241172
    1324.800  0.12118691
    1330.930  0.11996210
    1337.480  0.11876040
    1345.840  0.11755870
    1351.520  0.11638011
    1357.030  0.11520152
    1363.060  0.11404603
    1369.410  0.11289055
    1376.130  0.11175818
    1381.510  0.11062581
    1387.370  0.10951655
    1393.040  0.10840728
    1399.700  0.10732113
    1405.540  0.10623498
    1413.130  0.10517194
    1418.830  0.10410889
    1424.260  0.10304585
    1430.500  0.10200592
    1435.730  0.10096598
    1440.910  0.09994916
    1447.690  0.09893233
    1453.340  0.09793862
    1459.190  0.09694491
    1464.060  0.09597430
    1470.260  0.09500370
    1478.480  0.09403309
    1486.030  0.09308560
    1493.330  0.09213810
    1498.430  0.09121372
    1504.200  0.09028933
    1508.510  0.08936495
    1514.840  0.08846367
    1520.990  0.08756240
    1527.430  0.08668423
    1535.350  0.08580606
    1541.710  0.08492790
    1550.350  0.08407284
    1555.740  0.08321779
    1563.150  0.08236273
    1570.860  0.08153078
    1576.990  0.08069884
    1582.720  0.07989000
    1590.600  0.07908116
    1596.870  0.07827232
    1603.510  0.07748660
    1609.230  0.07670087
    1615.870  0.07591514
    1622.230  0.07515252
    1626.870  0.07438991
    1632.200  0.07362729
    1636.640  0.07288778
    1641.610  0.07214827
    1647.040  0.07140876
    1652.800  0.07069236
    1659.230  0.06997597
    1664.860  0.06925957
    1670.240  0.06856628
    1677.950  0.06787299
    1685.540  0.06717970
    1692.230  0.06648641
    1700.520  0.06581623
    1705.600  0.06514605
    1712.050  0.06447587
    1719.450  0.06382880
    1724.540  0.06318173
    1732.710  0.06253466
    1739.530  0.06188759
    1747.270  0.06126363
    1755.130  0.06063967
    1762.160  0.06001571
    1770.040  0.05941486
    1776.070  0.05881401
    1782.100  0.05821316
    1787.270  0.05761231
    1794.580  0.05703457
    1801.890  0.05645683
    1812.210  0.05587909
    1817.630  0.05530135
    1822.380  0.05474672
    1828.180  0.05419209
    1835.910  0.05363746
    1841.840  0.05308282
    1849.540  0.05255130
    1854.320  0.05201978
    1859.660  0.05148826
    1869.100  0.05095674
    1876.380  0.05042522
    1882.230  0.04991681
    1888.040  0.04940839
    1895.960  0.04889998
    1899.430  0.04839157
    1905.860  0.04790627
    1912.870  0.04742097
    1920.110  0.04693566
    1928.290  0.04645036
    1935.250  0.04596506
    1942.430  0.04550287
    1950.330  0.04504067
    1957.610  0.04457848
    1967.320  0.04411629
    1976.520  0.04365410
    1984.570  0.04321501
    1989.780  0.04277593
    1996.200  0.04233685
    2006.820  0.04189776
    2012.140  0.04145868
    2019.970  0.04104271
    2028.600  0.04062673
    2037.730  0.04021076
    2045.170  0.03979479
    2052.980  0.03937881
    2060.790  0.03896284
    2069.980  0.03856998
    2075.960  0.03817711
    2081.430  0.03778425
    2088.620  0.03739138
    2096.120  0.03699852
    2103.500  0.03660566
    2108.630  0.03623590
    2117.600  0.03586615
    2124.570  0.03549639
    2132.300  0.03512664
    2141.970  0.03475689
    2148.860  0.03438713
    2158.060  0.03404049
    2165.030  0.03369384
    2174.680  0.03334720
    2180.490  0.03300055
    2186.770  0.03265391
    2193.920  0.03230727
    2199.220  0.03198373
    2204.970  0.03166020
    2210.550  0.03133666
    2218.130  0.03101313
    2226.170  0.03068959
    2232.720  0.03036606
    2238.170  0.03004252
    2244.370  0.02971899
    2254.110  0.02941856
    2260.240  0.02911814
    2264.140  0.02881771
    2275.470  0.02851729
    2283.470  0.02821686
    2289.610  0.02791644
    2295.300  0.02761601
    2301.730  0.02733869
    2306.790  0.02706138
    2315.080  0.02678406
    2323.390  0.02650675
    2334.800  0.02622943
    2342.930  0.02595212
    2349.110  0.02567480
    2356.090  0.02539749
    2363.090  0.02514328
    2372.040  0.02488907
    2377.090  0.02463487
    2383.160  0.02438066
    2391.240  0.02412646
    2399.660  0.02387225
    2411.840  0.02361804
    2417.970  0.02336384
    2425.550  0.02310963
    2431.770  0.02287854
    2438.980  0.02264744
    2445.390  0.02241634
    2450.420  0.02218525
    2458.030  0.02195415
    2464.530  0.02172305
    2475.270  0.02149196
    2478.640  0.02126086
    2484.790  0.02102977
    2495.650  0.02079867
    2502.580  0.02056757
    2507.550  0.02035959
    2513.440  0.02015160
    2521.920  0.01994361
    2529.750  0.01973563
    2537.330  0.01952764
    2542.830  0.01931965
    2549.860  0.01911167
    2560.640  0.01890368
    2567.850  0.01869569
    2570.530  0.01848771
    2574.040  0.01827972
    2583.070  0.01809484
    2586.460  0.01790996
    2590.280  0.01772509
    2594.060  0.01754021
    2598.420  0.01735533
    2604.650  0.01717046
    2608.650  0.01698558
    2613.390  0.01680070
    2621.740  0.01661583
    2627.990  0.01643095
    2636.770  0.01624607
    2644.130  0.01606119
    2654.290  0.01589943
    2659.850  0.01573766
    2669.480  0.01557589
    2675.730  0.01541412
    2687.190  0.01525236
    2693.520  0.01509059
    2701.660  0.01492882
    2707.540  0.01476705
    2715.180  0.01460529
    2726.610  0.01444352
    2731.700  0.01428175
    2736.430  0.01411999
    2740.900  0.01395822
    2744.380  0.01379645
    2746.810  0.01365779
    2755.810  0.01351913
    2759.830  0.01338048
    2766.040  0.01324182
    2769.270  0.01310316
    2770.750  0.01296450
    2777.090  0.01282585
    2782.920  0.01268719
    2785.910  0.01254853
    2794.660  0.01240987
    2798.080  0.01227121
    2802.440  0.01213256
    2809.170  0.01199390
    2816.990  0.01185524
    2825.280  0.01171658
    2829.100  0.01157793
    2840.070  0.01143927
    2844.240  0.01132372
    2850.640  0.01120817
    2857.660  0.01109262
    2862.510  0.01097708
    2866.850  0.01086153
    2869.600  0.01074598
    2875.260  0.01063043
    2880.680  0.01051488
    2883.940  0.01039933
    2889.600  0.01028379
    2895.760  0.01016824
    2904.460  0.01005269
    2910.030  0.00993714
    2918.420  0.00982159
    2924.660  0.00970605
    2929.160  0.00959050
    2949.420  0.00947495
    2953.620  0.00935940
    2963.460  0.00924385
    2978.600  0.00912830
    2981.660  0.00903587
    2984.080  0.00894343
    2990.880  0.00885099
    2995.340  0.00875855
    3005.520  0.00866611
    3013.830  0.00857367
    3023.970  0.00848123
    3030.350  0.00838880
    3034.350  0.00829636
    3044.690  0.00820392
    3051.650  0.00811148
    3058.120  0.00801904
    3070.020  0.00792660
    3073.190  0.00783417
    3080.270  0.00774173
    3088.310  0.00764929
    3094.060  0.00755685
    3102.940  0.00746441
    3110.580  0.00737197
    3121.850  0.00727953
    3134.840  0.00718710
    3142.630  0.00709466
    3147.070  0.00700222
    3161.100  0.00690978
    3169.440  0.00684045
    3181.760  0.00677112
    3191.240  0.00670179
    3202.630  0.00663246
    3207.950  0.00656314
    3213.000  0.00649381
    3221.680  0.00642448
    3222.780  0.00635515
    3227.600  0.00628582
    3233.450  0.00621649
    3259.500  0.00614716
    3269.430  0.00607783
    3280.320  0.00600850
    3294.640  0.00593918
    3327.050  0.00586985
    3337.500  0.00580052
    3341.020  0.00573119
    3347.110  0.00566186
    3358.960  0.00559253
    3374.620  0.00552320
    3383.020  0.00545387
    3395.420  0.00538454
    3401.200  0.00531522
    3407.600  0.00524589
    3425.870  0.00517656
    3441.670  0.00510723
    3461.150  0.00503790
    3467.510  0.00496857
    3482.950  0.00489924
    3496.390  0.00482991
    3500.920  0.00476058
    3509.180  0.00469126
    3517.410  0.00462193
    3527.790  0.00455260
    3547.970  0.00450638
    3564.940  0.00446016
    3578.220  0.00441394
    3584.640  0.00436772
    3593.000  0.00432150
    3614.510  0.00427528
    3623.630  0.00422906
    3645.910  0.00418284
    3653.560  0.00413662
    3671.000  0.00409040
    3684.730  0.00404419
    3730.840  0.00399797
    3754.500  0.00395175
    3758.130  0.00390553
    3769.810  0.00385931
    3783.260  0.00381309
    3788.660  0.00376687
    3796.030  0.00372065
    3813.520  0.00367443
    3851.600  0.00362821
    3865.080  0.00358199
    3925.000  0.00355888
    3939.110  0.00351266
    3966.820  0.00346644
    4013.170  0.00342023
    4030.230  0.00337401
    4066.720  0.00332779
    4092.860  0.00328157
    4099.070  0.00323535
    4126.460  0.00318913
    4137.590  0.00314291
    4147.490  0.00309669
    4170.830  0.00305047
    4195.160  0.00300425
    4213.940  0.00295803
    4231.610  0.00291181
    4247.440  0.00286559
    4296.150  0.00284248
    4326.270  0.00279627
    4343.420  0.00275005
    4354.580  0.00270383
    4380.890  0.00265761
    4402.840  0.00261139
    4450.540  0.00256517
    4479.140  0.00251895
    4532.890  0.00247273
    4579.580  0.00242651
    4639.670  0.00240340
    4707.000  0.00238029
    4755.820  0.00235718
    4820.600  0.00233407
    4942.410  0.00228785
    4980.050  0.00226474
    4982.910  0.00224163
    4992.190  0.00221852
    5039.010  0.00219542
    5057.520  0.00217231
    5065.830  0.00214920
    5082.420  0.00212609
    5124.580  0.00210298
    5150.610  0.00207987
    5156.630  0.00205676
    5196.470  0.00203365
    5216.730  0.00201054
    5217.910  0.00198743
    5231.980  0.00196432
    5244.500  0.00194121
    5246.020  0.00191810
    5247.990  0.00189499
    5280.260  0.00187188
    5289.310  0.00184877
    5303.890  0.00182566
    5311.240  0.00180255
    5340.560  0.00177944
    5362.740  0.00175633
    5412.430  0.00173322
    5421.050  0.00171011
    5636.040  0.00168700
    5660.800  0.00166389
    5756.550  0.00164078
    5811.890  0.00161767
    5837.470  0.00159456
    5879.650  0.00157145
    5964.870  0.00154835
    6019.990  0.00152524
    6075.060  0.00150213
    6146.250  0.00147902
    6172.660  0.00145591
    6202.450  0.00143280
    6208.420  0.00140969
    6213.840  0.00138658
    6254.580  0.00136347
    6327.360  0.00134036
    6336.180  0.00131725
    6341.160  0.00129414
    6427.910  0.00127103
    6442.540  0.00124792
    6531.650  0.00122481
    6561.540  0.00120170
    6587.390  0.00117859
    6603.160  0.00115548
    6633.850  0.00113237
    6760.550  0.00110926
    6917.750  0.00108615
    7076.540  0.00106304
    7099.630  0.00103993
    7113.490  0.00101682
    7120.530  0.00099371
    7171.870  0.00097060
    7173.440  0.00094749
    7239.830  0.00092439
    7300.190  0.00090128
    7325.850  0.00087817
    7341.020  0.00085506
    7357.770  0.00083195
    7537.140  0.00080884
    7600.730  0.00078573
    7609.010  0.00076262
    7622.140  0.00073951
    7692.560  0.00071640
    7749.720  0.00069329
    8156.670  0.00067018
    8291.370  0.00064707
    8312.900  0.00062396
    8329.120  0.00060085
    8360.310  0.00057774
    8373.870  0.00055463
    8617.200  0.00053152
    8630.080  0.00050841
    8689.940  0.00048530
    8763.600  0.00046219
    8890.320  0.00043908
    8896.530  0.00041597
    9024.860  0.00039286
    9329.090  0.00036975
    9541.570  0.00034664
    9575.510  0.00032353
    9773.650  0.00030043
    9778.910  0.00027732
   10092.500  0.00025421
   10488.580  0.00023110
   10534.900  0.00020799
   11284.960  0.00018488
   11354.160  0.00016177
   11473.060  0.00013866
   11480.580  0.00011555
   11505.720  0.00009244
   11517.660  0.00006933
   11606.230  0.00004622
   16136.950  0.00002311
   16481.860  0.00000000
