# Fraction of RTTS longer than a given time for dctcp_tfo_load_aware_w4 experiment
# Includes messages <= 315 bytes; measured at 2026-04-01 21:27:32.723706
# Data collected at 2026-04-01 21:27:32.723706 
#       usec        frac
      31.570  0.99997705
      32.200  0.99995410
      32.830  0.99988526
      33.350  0.99981641
      33.700  0.99970167
      34.150  0.99960988
      34.530  0.99947219
      34.880  0.99933450
      35.240  0.99901322
      35.600  0.99862310
      36.010  0.99830182
      36.380  0.99772811
      36.750  0.99715440
      37.130  0.99639710
      37.530  0.99545621
      37.910  0.99430879
      38.300  0.99325317
      38.690  0.99164678
      39.080  0.99008629
      39.480  0.98852579
      39.880  0.98678171
      40.280  0.98526712
      40.690  0.98368368
      41.100  0.98205434
      41.520  0.98065449
      41.940  0.97909400
      42.360  0.97794658
      42.790  0.97647788
      43.240  0.97494033
      43.690  0.97351753
      44.130  0.97237011
      44.580  0.97119974
      45.070  0.96963925
      45.530  0.96814760
      45.990  0.96716082
      46.450  0.96560033
      46.920  0.96374151
      47.390  0.96220397
      47.870  0.95990912
      48.350  0.95784377
      48.840  0.95495227
      49.330  0.95153295
      49.830  0.94758583
      50.330  0.94409767
      50.840  0.93918671
      51.360  0.93482651
      51.880  0.92998440
      52.400  0.92544061
      52.930  0.92046080
      53.470  0.91559574
      54.010  0.91084542
      54.570  0.90639343
      55.120  0.90214797
      55.680  0.89820084
      56.240  0.89507986
      56.810  0.89205067
      57.380  0.88911327
      57.960  0.88661190
      58.550  0.88415642
      59.140  0.88165504
      59.740  0.87924546
      60.340  0.87759317
      60.950  0.87527538
      61.560  0.87325592
      62.180  0.87167248
      62.810  0.86999725
      63.440  0.86836791
      64.080  0.86689921
      64.730  0.86549936
      65.390  0.86382412
      66.050  0.86210299
      66.720  0.86038186
      67.400  0.85905085
      68.080  0.85751331
      68.770  0.85606756
      69.480  0.85471360
      70.180  0.85361208
      70.910  0.85200569
      71.630  0.85051404
      72.360  0.84971085
      73.110  0.84865522
      73.850  0.84714063
      74.610  0.84558014
      75.370  0.84413439
      76.130  0.84271158
      76.910  0.84142647
      77.690  0.83988893
      78.490  0.83823664
      79.310  0.83688269
      80.110  0.83541399
      80.930  0.83424362
      81.740  0.83293556
      82.560  0.83181109
      83.410  0.83043418
      84.300  0.82885074
      85.200  0.82768037
      86.060  0.82669359
      86.930  0.82527079
      87.800  0.82403158
      88.680  0.82263172
      89.590  0.82109418
      90.510  0.81992381
      91.430  0.81836332
      92.360  0.81698641
      93.290  0.81560951
      94.260  0.81430145
      95.230  0.81294749
      96.200  0.81154764
      97.170  0.81012484
      98.160  0.80893152
      99.190  0.80780705
     100.190  0.80647604
     101.200  0.80530567
     102.220  0.80395172
     103.250  0.80250597
     104.310  0.80106022
     105.360  0.79968331
     106.420  0.79809987
     107.500  0.79663117
     108.580  0.79504773
     109.680  0.79367083
     110.780  0.79227097
     111.890  0.79073343
     113.020  0.78921884
     114.160  0.78797962
     115.340  0.78671746
     116.500  0.78501928
     117.680  0.78366532
     118.860  0.78196714
     120.060  0.78029190
     121.310  0.77845603
     122.530  0.77701028
     123.820  0.77542684
     125.070  0.77393519
     126.370  0.77237470
     127.640  0.77090600
     128.920  0.76881770
     130.210  0.76689003
     131.520  0.76498531
     132.850  0.76328713
     134.190  0.76181843
     135.540  0.76009730
     136.900  0.75846796
     138.270  0.75658619
     139.660  0.75477327
     141.060  0.75309804
     142.500  0.75146870
     143.940  0.74990821
     145.380  0.74846246
     146.850  0.74655774
     148.330  0.74485956
     149.840  0.74325317
     151.370  0.74144024
     152.890  0.73976501
     154.420  0.73763081
     155.980  0.73563429
     157.550  0.73411970
     159.130  0.73239857
     160.740  0.73053975
     162.350  0.72870387
     163.990  0.72695979
     165.640  0.72482559
     167.300  0.72243896
     168.990  0.72051129
     170.680  0.71899670
     172.420  0.71739031
     174.180  0.71543969
     175.950  0.71364972
     177.710  0.71188269
     179.510  0.71006976
     181.310  0.70830274
     183.130  0.70658160
     185.000  0.70460804
     186.860  0.70270332
     188.750  0.70079860
     190.670  0.69896273
     192.600  0.69710391
     194.530  0.69526804
     196.500  0.69324858
     198.480  0.69113732
     200.470  0.68886543
     202.550  0.68721314
     204.580  0.68533138
     206.630  0.68340371
     208.700  0.68115476
     210.810  0.67906646
     212.940  0.67681751
     215.070  0.67456857
     217.280  0.67229668
     219.540  0.67000184
     221.750  0.66793648
     223.990  0.66573343
     226.240  0.66336974
     228.520  0.66139618
     230.810  0.65900955
     233.150  0.65701303
     235.500  0.65451166
     237.880  0.65182669
     240.270  0.64973839
     242.690  0.64742060
     245.120  0.64546998
     247.610  0.64296861
     250.090  0.64076556
     252.690  0.63849367
     255.230  0.63633652
     257.820  0.63408757
     260.400  0.63176978
     263.020  0.62949789
     265.670  0.62761612
     268.370  0.62520654
     271.190  0.62304938
     273.910  0.62066275
     276.710  0.61855150
     279.480  0.61600422
     282.280  0.61350285
     285.140  0.61162108
     288.000  0.60900496
     290.990  0.60636589
     293.930  0.60430053
     296.870  0.60147788
     299.840  0.59897650
     302.860  0.59677345
     305.940  0.59459335
     309.030  0.59188544
     312.130  0.58970534
     315.270  0.58706628
     318.440  0.58447310
     321.650  0.58222416
     324.870  0.57953920
     328.140  0.57632642
     331.510  0.57357261
     334.840  0.57049752
     338.260  0.56783551
     341.660  0.56505875
     345.120  0.56246558
     348.590  0.55984946
     352.080  0.55700386
     355.620  0.55454838
     359.210  0.55172572
     362.910  0.54906370
     366.560  0.54649348
     370.450  0.54346429
     374.180  0.54096292
     377.950  0.53814026
     381.730  0.53552414
     385.560  0.53208188
     389.430  0.52909859
     393.350  0.52554158
     397.310  0.52246650
     401.330  0.51955205
     405.440  0.51702772
     409.510  0.51397558
     413.610  0.51067101
     417.780  0.50761887
     421.960  0.50481917
     426.230  0.50144575
     430.510  0.49860015
     434.820  0.49531852
     439.210  0.49208280
     443.650  0.48926014
     448.160  0.48588673
     452.660  0.48271985
     457.200  0.47966771
     461.780  0.47705159
     466.420  0.47395355
     471.090  0.47069488
     475.850  0.46736736
     480.780  0.46403984
     485.620  0.46032220
     490.500  0.45715531
     495.430  0.45391959
     500.390  0.45075271
     505.410  0.44685148
     510.590  0.44356985
     515.710  0.44019644
     520.930  0.43714430
     526.160  0.43324307
     531.440  0.42950248
     536.760  0.42599137
     542.160  0.42229668
     547.610  0.41892326
     553.090  0.41541215
     558.650  0.41178630
     564.260  0.40848173
     569.910  0.40508537
     575.650  0.40134478
     581.440  0.39797136
     587.320  0.39400129
     593.230  0.39097209
     599.180  0.38736919
     605.180  0.38362860
     611.260  0.38036993
     617.390  0.37708831
     623.600  0.37385258
     629.840  0.37059390
     636.160  0.36712869
     642.590  0.36396181
     649.020  0.36031302
     654.740  0.35668717
     660.800  0.35310721
     667.000  0.34957316
     673.150  0.34606205
     679.900  0.34275748
     686.740  0.33988893
     692.880  0.33646962
     699.850  0.33318799
     706.220  0.32983753
     712.890  0.32653295
     718.880  0.32325133
     726.090  0.32015330
     731.750  0.31694052
     738.600  0.31375069
     746.020  0.31065265
     753.030  0.30753167
     760.250  0.30443363
     766.970  0.30138149
     773.660  0.29835230
     781.410  0.29543786
     789.240  0.29259225
     795.720  0.28965486
     802.410  0.28674041
     808.490  0.28387186
     814.440  0.28102625
     820.790  0.27820360
     827.640  0.27540389
     834.500  0.27262713
     841.050  0.26989627
     846.750  0.26718836
     852.680  0.26450340
     859.230  0.26184138
     865.830  0.25920231
     872.710  0.25660914
     879.390  0.25403892
     885.400  0.25149165
     892.500  0.24896732
     899.700  0.24646594
     905.680  0.24398752
     913.180  0.24153204
     919.370  0.23909950
     925.270  0.23668992
     933.550  0.23430329
     940.830  0.23193960
     946.930  0.22959886
     953.100  0.22728107
     959.640  0.22498623
     967.260  0.22271434
     975.170  0.22046539
     982.100  0.21823940
     988.300  0.21603635
     993.070  0.21385625
    1001.420  0.21169910
    1009.150  0.20956490
    1015.680  0.20745364
    1022.770  0.20536534
    1029.060  0.20329998
    1034.890  0.20125757
    1041.610  0.19923811
    1047.830  0.19724160
    1054.960  0.19526804
    1062.340  0.19329447
    1069.230  0.19134386
    1075.360  0.18941619
    1082.080  0.18751147
    1089.780  0.18562970
    1096.350  0.18377088
    1102.610  0.18191206
    1109.540  0.18007619
    1114.900  0.17826326
    1120.570  0.17647329
    1127.430  0.17470626
    1133.120  0.17293923
    1139.960  0.17119515
    1146.880  0.16947402
    1153.310  0.16777584
    1160.020  0.16607766
    1165.950  0.16440242
    1173.590  0.16275014
    1180.520  0.16112080
    1188.230  0.15949146
    1195.020  0.15788507
    1200.530  0.15630163
    1207.170  0.15471819
    1213.890  0.15315770
    1221.230  0.15162016
    1226.200  0.15008261
    1233.110  0.14856802
    1238.740  0.14707637
    1244.820  0.14558473
    1250.700  0.14411603
    1255.600  0.14267028
    1261.900  0.14122453
    1268.270  0.13980173
    1274.320  0.13840187
    1279.570  0.13700202
    1285.180  0.13562511
    1291.500  0.13424821
    1296.760  0.13289425
    1302.790  0.13156325
    1308.210  0.13023224
    1314.240  0.12892418
    1320.620  0.12761612
    1327.910  0.12633101
    1334.960  0.12504590
    1341.840  0.12378373
    1347.160  0.12254452
    1354.310  0.12130531
    1360.450  0.12008904
    1368.150  0.11887277
    1375.130  0.11767946
    1380.730  0.11648614
    1386.940  0.11531577
    1392.930  0.11414540
    1398.790  0.11299798
    1406.850  0.11185056
    1412.820  0.11072609
    1419.010  0.10960162
    1424.550  0.10850009
    1430.490  0.10739857
    1437.430  0.10631999
    1443.290  0.10524142
    1449.340  0.10418579
    1456.340  0.10313016
    1462.360  0.10209748
    1470.550  0.10106481
    1476.260  0.10003213
    1482.930  0.09902240
    1489.340  0.09801267
    1494.640  0.09702589
    1499.280  0.09603910
    1506.630  0.09507527
    1511.760  0.09411144
    1519.090  0.09314760
    1524.710  0.09220672
    1531.100  0.09126583
    1537.450  0.09034790
    1544.120  0.08942996
    1549.760  0.08853497
    1556.600  0.08763999
    1561.770  0.08674500
    1567.020  0.08587296
    1572.870  0.08500092
    1578.070  0.08412888
    1584.440  0.08327979
    1589.250  0.08243070
    1594.000  0.08160455
    1600.110  0.08077841
    1606.240  0.07995227
    1612.920  0.07914907
    1618.650  0.07834588
    1624.160  0.07754268
    1629.590  0.07676244
    1634.560  0.07598219
    1641.110  0.07520195
    1646.450  0.07444465
    1650.360  0.07368735
    1654.920  0.07293005
    1662.140  0.07219570
    1668.500  0.07146135
    1674.810  0.07072701
    1680.950  0.07001560
    1686.620  0.06930420
    1691.240  0.06859280
    1697.400  0.06790435
    1703.540  0.06721590
    1708.350  0.06652745
    1714.780  0.06586194
    1719.540  0.06519644
    1725.550  0.06453093
    1731.810  0.06386543
    1735.950  0.06322287
    1740.350  0.06258032
    1744.860  0.06193776
    1751.900  0.06131816
    1757.640  0.06069855
    1764.000  0.06007894
    1770.730  0.05945934
    1777.340  0.05886268
    1780.510  0.05826602
    1786.040  0.05766936
    1791.090  0.05707270
    1796.910  0.05649899
    1802.540  0.05592528
    1805.800  0.05535157
    1810.950  0.05477786
    1814.030  0.05422710
    1819.810  0.05367634
    1823.920  0.05312557
    1828.750  0.05257481
    1832.010  0.05204700
    1836.910  0.05151918
    1842.610  0.05099137
    1848.840  0.05046356
    1853.110  0.04995869
    1858.680  0.04945383
    1864.510  0.04894896
    1868.390  0.04844410
    1874.330  0.04793923
    1879.800  0.04745732
    1884.660  0.04697540
    1888.300  0.04649348
    1892.430  0.04601157
    1897.050  0.04552965
    1900.990  0.04507068
    1904.250  0.04461171
    1909.180  0.04415274
    1914.300  0.04369378
    1920.070  0.04323481
    1923.260  0.04279879
    1928.370  0.04236277
    1933.830  0.04192675
    1939.260  0.04149073
    1944.550  0.04105471
    1948.510  0.04064164
    1952.780  0.04022857
    1957.970  0.03981549
    1960.720  0.03940242
    1964.950  0.03898935
    1970.950  0.03859923
    1977.570  0.03820911
    1981.390  0.03781898
    1985.610  0.03742886
    1989.180  0.03703874
    1993.430  0.03664861
    1996.410  0.03628144
    2004.450  0.03591426
    2009.160  0.03554709
    2012.200  0.03517992
    2016.120  0.03481274
    2021.610  0.03444557
    2027.250  0.03407839
    2030.590  0.03373417
    2035.950  0.03338994
    2042.550  0.03304571
    2048.060  0.03270149
    2051.970  0.03235726
    2056.680  0.03201303
    2061.360  0.03169176
    2067.530  0.03137048
    2071.580  0.03104920
    2076.950  0.03072792
    2081.710  0.03040665
    2086.100  0.03008537
    2090.140  0.02976409
    2097.610  0.02946576
    2101.700  0.02916743
    2107.820  0.02886910
    2114.590  0.02857077
    2118.980  0.02827244
    2123.530  0.02797411
    2127.400  0.02767578
    2132.440  0.02737746
    2140.580  0.02710207
    2146.020  0.02682669
    2150.120  0.02655131
    2155.060  0.02627593
    2159.390  0.02600055
    2165.420  0.02572517
    2173.090  0.02544979
    2177.710  0.02517441
    2182.750  0.02492198
    2188.270  0.02466954
    2191.560  0.02441711
    2196.800  0.02416468
    2202.160  0.02391225
    2208.350  0.02365981
    2213.290  0.02340738
    2215.170  0.02315495
    2223.590  0.02290252
    2230.560  0.02267303
    2235.940  0.02244355
    2241.210  0.02221406
    2244.650  0.02198458
    2248.990  0.02175509
    2251.930  0.02152561
    2256.580  0.02129613
    2261.990  0.02106664
    2267.170  0.02083716
    2271.510  0.02060767
    2274.660  0.02040114
    2280.290  0.02019460
    2285.640  0.01998807
    2291.410  0.01978153
    2295.550  0.01957500
    2300.330  0.01936846
    2304.760  0.01916192
    2310.740  0.01895539
    2315.910  0.01874885
    2324.260  0.01854232
    2331.580  0.01833578
    2334.550  0.01815219
    2341.630  0.01796861
    2346.210  0.01778502
    2350.610  0.01760143
    2352.760  0.01741784
    2358.920  0.01723426
    2362.150  0.01705067
    2366.450  0.01686708
    2378.260  0.01668350
    2385.290  0.01649991
    2391.560  0.01631632
    2395.370  0.01613273
    2399.530  0.01594915
    2403.970  0.01578851
    2407.410  0.01562787
    2412.450  0.01546723
    2417.120  0.01530659
    2420.740  0.01514595
    2424.300  0.01498531
    2427.790  0.01482467
    2431.750  0.01466404
    2440.010  0.01450340
    2446.470  0.01434276
    2449.990  0.01418212
    2454.100  0.01402148
    2463.810  0.01386084
    2467.330  0.01370020
    2471.400  0.01356251
    2476.050  0.01342482
    2483.530  0.01328713
    2491.160  0.01314944
    2495.960  0.01301175
    2499.590  0.01287406
    2504.730  0.01273637
    2511.770  0.01259868
    2513.610  0.01246099
    2517.230  0.01232330
    2524.380  0.01218561
    2526.920  0.01204792
    2535.300  0.01191023
    2544.800  0.01177254
    2549.730  0.01163484
    2554.900  0.01149715
    2561.270  0.01135946
    2567.550  0.01124472
    2570.260  0.01112998
    2572.620  0.01101524
    2577.280  0.01090050
    2583.860  0.01078575
    2590.460  0.01067101
    2594.080  0.01055627
    2597.700  0.01044153
    2599.350  0.01032679
    2602.690  0.01021204
    2604.810  0.01009730
    2612.340  0.00998256
    2620.540  0.00986782
    2624.990  0.00975308
    2628.130  0.00963833
    2634.340  0.00952359
    2639.740  0.00940885
    2644.920  0.00929411
    2648.950  0.00917936
    2653.520  0.00906462
    2659.860  0.00897283
    2665.900  0.00888104
    2678.020  0.00878924
    2681.540  0.00869745
    2688.080  0.00860565
    2692.630  0.00851386
    2696.770  0.00842207
    2699.560  0.00833027
    2707.120  0.00823848
    2711.520  0.00814669
    2717.490  0.00805489
    2719.280  0.00796310
    2723.540  0.00787131
    2729.780  0.00777951
    2743.370  0.00768772
    2746.210  0.00759592
    2748.500  0.00750413
    2754.090  0.00741234
    2760.800  0.00732054
    2763.660  0.00722875
    2766.330  0.00713696
    2767.990  0.00704516
    2772.890  0.00695337
    2775.360  0.00686158
    2780.120  0.00679273
    2790.880  0.00672388
    2795.620  0.00665504
    2801.350  0.00658619
    2804.900  0.00651735
    2807.240  0.00644850
    2808.930  0.00637966
    2816.020  0.00631081
    2821.390  0.00624197
    2827.280  0.00617312
    2829.480  0.00610428
    2831.880  0.00603543
    2836.920  0.00596659
    2839.610  0.00589774
    2841.770  0.00582890
    2849.060  0.00576005
    2854.990  0.00569121
    2865.760  0.00562236
    2869.010  0.00555352
    2879.090  0.00548467
    2881.430  0.00541583
    2884.560  0.00534698
    2892.260  0.00527813
    2893.880  0.00520929
    2898.170  0.00514044
    2904.080  0.00507160
    2910.570  0.00500275
    2913.700  0.00493391
    2918.860  0.00486506
    2921.750  0.00479622
    2924.820  0.00472737
    2930.940  0.00465853
    2934.640  0.00458968
    2942.410  0.00452084
    2949.350  0.00447494
    2952.780  0.00442904
    2956.620  0.00438315
    2958.460  0.00433725
    2962.440  0.00429135
    2973.510  0.00424546
    2975.150  0.00419956
    2978.530  0.00415366
    2981.510  0.00410777
    2988.250  0.00406187
    2994.680  0.00401597
    2996.750  0.00397008
    2998.320  0.00392418
    3006.170  0.00387828
    3008.300  0.00383238
    3011.890  0.00378649
    3020.690  0.00374059
    3022.550  0.00369469
    3024.330  0.00364880
    3026.120  0.00360290
    3032.880  0.00355700
    3036.840  0.00351111
    3039.500  0.00346521
    3041.850  0.00341931
    3050.420  0.00337342
    3052.840  0.00332752
    3059.580  0.00328162
    3063.880  0.00323573
    3064.680  0.00318983
    3066.660  0.00314393
    3071.650  0.00309804
    3072.110  0.00305214
    3086.130  0.00300624
    3094.710  0.00296035
    3099.790  0.00291445
    3101.530  0.00286855
    3117.940  0.00282265
    3122.950  0.00277676
    3128.230  0.00273086
    3132.780  0.00268496
    3141.810  0.00263907
    3142.650  0.00259317
    3156.960  0.00254727
    3160.370  0.00250138
    3170.800  0.00245548
    3178.130  0.00240958
    3179.900  0.00236369
    3193.020  0.00231779
    3196.340  0.00227189
    3202.960  0.00224894
    3215.840  0.00222600
    3216.810  0.00220305
    3220.950  0.00218010
    3224.930  0.00215715
    3226.800  0.00213420
    3240.450  0.00211125
    3240.830  0.00208831
    3242.510  0.00206536
    3247.180  0.00204241
    3249.920  0.00201946
    3255.590  0.00199651
    3256.650  0.00197356
    3259.860  0.00195062
    3273.660  0.00192767
    3275.950  0.00190472
    3282.780  0.00188177
    3284.290  0.00185882
    3296.590  0.00183587
    3298.480  0.00181292
    3300.190  0.00178998
    3310.660  0.00176703
    3310.830  0.00174408
    3314.270  0.00172113
    3329.160  0.00169818
    3340.260  0.00167523
    3344.040  0.00165229
    3353.680  0.00162934
    3361.370  0.00160639
    3389.050  0.00158344
    3398.290  0.00156049
    3400.950  0.00153754
    3405.880  0.00151460
    3407.370  0.00149165
    3415.910  0.00146870
    3420.020  0.00144575
    3424.330  0.00142280
    3428.180  0.00139985
    3441.630  0.00137690
    3444.990  0.00135396
    3446.280  0.00133101
    3459.530  0.00130806
    3463.650  0.00128511
    3467.540  0.00126216
    3472.370  0.00123921
    3476.690  0.00121627
    3486.930  0.00119332
    3490.180  0.00117037
    3496.760  0.00114742
    3498.650  0.00112447
    3504.700  0.00110152
    3516.290  0.00107858
    3517.110  0.00105563
    3518.610  0.00103268
    3525.790  0.00100973
    3534.810  0.00098678
    3539.320  0.00096383
    3543.010  0.00094088
    3549.590  0.00091794
    3550.390  0.00089499
    3553.470  0.00087204
    3561.010  0.00084909
    3580.860  0.00082614
    3586.280  0.00080319
    3595.370  0.00078025
    3599.420  0.00075730
    3625.010  0.00073435
    3629.720  0.00071140
    3630.360  0.00068845
    3631.940  0.00066550
    3638.860  0.00064256
    3648.370  0.00061961
    3651.720  0.00059666
    3711.320  0.00057371
    3730.060  0.00055076
    3732.150  0.00052781
    3735.170  0.00050487
    3771.300  0.00048192
    3786.480  0.00045897
    3854.100  0.00043602
    3866.690  0.00041307
    3952.220  0.00039012
    3955.660  0.00036717
    3960.730  0.00034423
    3973.660  0.00032128
    3996.110  0.00029833
    4089.460  0.00027538
    4128.480  0.00025243
    4138.560  0.00022948
    4148.350  0.00020654
    4249.980  0.00018359
    4295.900  0.00016064
    4419.900  0.00013769
    4756.160  0.00011474
  205600.440  0.00009179
  207706.690  0.00006885
  208010.440  0.00004590
  209169.020  0.00002295
  211270.500  0.00000000
