# Fraction of RTTS longer than a given time for dctcp_tfo_pool_w4 experiment
# Includes messages <= 315 bytes; measured at 2026-04-01 21:27:32.723706
# Data collected at 2026-04-01 21:27:32.723706 
#       usec        frac
      29.820  0.99997711
      30.690  0.99995422
      31.010  0.99990845
      31.580  0.99988556
      31.900  0.99986267
      32.250  0.99981689
      32.580  0.99974823
      32.970  0.99965667
      33.330  0.99961089
      33.760  0.99951934
      34.130  0.99945068
      34.520  0.99926757
      34.950  0.99903868
      35.350  0.99890135
      35.720  0.99853513
      36.080  0.99823758
      36.450  0.99766537
      36.830  0.99720760
      37.200  0.99672694
      37.580  0.99597162
      37.960  0.99519341
      38.340  0.99420920
      38.730  0.99329366
      39.130  0.99228656
      39.540  0.99118791
      39.950  0.99013504
      40.350  0.98892195
      40.760  0.98777752
      41.170  0.98663310
      41.600  0.98521401
      42.020  0.98372625
      42.460  0.98235294
      42.890  0.98102541
      43.320  0.97937743
      43.760  0.97791257
      44.200  0.97656214
      44.650  0.97509728
      45.100  0.97370108
      45.560  0.97241932
      46.040  0.97095445
      46.510  0.96923781
      46.980  0.96731518
      47.450  0.96520943
      47.930  0.96319524
      48.420  0.96079194
      48.910  0.95809110
      49.400  0.95458915
      49.900  0.95131609
      50.400  0.94831769
      50.910  0.94467842
      51.420  0.94101625
      51.940  0.93719387
      52.460  0.93295949
      52.990  0.92849622
      53.520  0.92453651
      54.060  0.92066835
      54.610  0.91638819
      55.160  0.91247425
      55.720  0.90917830
      56.280  0.90606546
      56.850  0.90249485
      57.420  0.89963378
      58.000  0.89661250
      58.590  0.89386587
      59.180  0.89132525
      59.780  0.88885328
      60.380  0.88628977
      60.990  0.88381781
      61.610  0.88152895
      62.230  0.87962921
      62.860  0.87800412
      63.490  0.87608148
      64.130  0.87438773
      64.780  0.87267109
      65.430  0.87134356
      66.090  0.86955825
      66.780  0.86811627
      67.460  0.86655985
      68.140  0.86509499
      68.840  0.86335546
      69.530  0.86179904
      70.230  0.86037995
      70.940  0.85905241
      71.650  0.85763333
      72.380  0.85598535
      73.120  0.85452049
      73.860  0.85312428
      74.600  0.85186542
      75.360  0.85044633
      76.130  0.84916457
      76.930  0.84788281
      77.720  0.84623484
      78.500  0.84509041
      79.290  0.84371710
      80.090  0.84250401
      80.920  0.84090181
      81.730  0.83957427
      82.560  0.83792630
      83.410  0.83653010
      84.270  0.83476768
      85.120  0.83300526
      85.980  0.83163195
      86.840  0.83041886
      87.740  0.82909133
      88.630  0.82764935
      89.550  0.82634470
      90.450  0.82481117
      91.380  0.82302586
      92.310  0.82162966
      93.280  0.82037079
      94.230  0.81920348
      95.180  0.81787594
      96.150  0.81625086
      97.150  0.81458000
      98.140  0.81306935
      99.140  0.81153582
     100.150  0.81023117
     101.160  0.80862898
     102.180  0.80748455
     103.210  0.80643168
     104.260  0.80498970
     105.330  0.80368505
     106.390  0.80254063
     107.460  0.80089265
     108.540  0.79951934
     109.630  0.79839780
     110.740  0.79695583
     111.850  0.79551385
     112.970  0.79418631
     114.110  0.79269856
     115.290  0.79089036
     116.450  0.78953994
     117.670  0.78784619
     118.850  0.78612955
     120.040  0.78457313
     121.250  0.78322271
     122.470  0.78166629
     123.710  0.77994965
     124.960  0.77814145
     126.210  0.77644770
     127.490  0.77459373
     128.770  0.77285420
     130.120  0.77148089
     131.430  0.77003891
     132.780  0.76832227
     134.140  0.76665141
     135.510  0.76470588
     136.870  0.76303502
     138.260  0.76124971
     139.650  0.75983062
     141.070  0.75809110
     142.510  0.75653468
     143.940  0.75449760
     145.410  0.75268940
     146.920  0.75092699
     148.390  0.74909590
     149.900  0.74731060
     151.430  0.74525063
     153.010  0.74344244
     154.630  0.74149691
     156.220  0.73973449
     157.790  0.73842985
     159.370  0.73655299
     160.970  0.73465324
     162.600  0.73289082
     164.290  0.73092241
     165.960  0.72906844
     167.630  0.72716869
     169.340  0.72538338
     171.050  0.72327764
     172.870  0.72160678
     174.610  0.72007324
     176.360  0.71808194
     178.140  0.71613642
     179.930  0.71437400
     181.730  0.71300069
     183.550  0.71142138
     185.420  0.70924697
     187.280  0.70702678
     189.200  0.70508125
     191.100  0.70327306
     193.060  0.70144198
     195.040  0.69938201
     197.000  0.69734493
     198.980  0.69507897
     201.030  0.69288167
     203.050  0.69095903
     205.100  0.68846418
     207.180  0.68628977
     209.280  0.68425269
     211.380  0.68178073
     213.530  0.67965209
     215.680  0.67738613
     217.840  0.67482261
     220.020  0.67230488
     222.280  0.66997024
     224.510  0.66747539
     226.770  0.66495766
     229.070  0.66250858
     231.410  0.66015106
     233.750  0.65797665
     236.110  0.65555047
     238.480  0.65351339
     240.920  0.65175097
     243.340  0.64973678
     245.780  0.64779126
     248.280  0.64568551
     250.830  0.64332799
     253.370  0.64067292
     255.910  0.63831540
     258.580  0.63545434
     261.230  0.63275349
     263.860  0.63032731
     266.530  0.62776379
     269.280  0.62522316
     271.980  0.62268254
     274.730  0.62027924
     277.490  0.61776150
     280.330  0.61542687
     283.140  0.61300069
     285.990  0.61073472
     288.850  0.60791943
     291.750  0.60556191
     294.670  0.60308995
     297.620  0.60061799
     300.600  0.59844358
     303.630  0.59578851
     306.680  0.59308766
     309.760  0.59020371
     312.860  0.58738842
     316.050  0.58450446
     319.270  0.58212406
     322.500  0.57914855
     325.730  0.57642481
     329.000  0.57319753
     332.320  0.57026780
     335.650  0.56683452
     339.020  0.56395056
     342.430  0.56067750
     345.880  0.55781643
     349.370  0.55506981
     352.890  0.55289540
     356.450  0.55035477
     360.050  0.54747082
     363.660  0.54458686
     367.300  0.54151980
     370.990  0.53893339
     374.710  0.53595789
     378.490  0.53270771
     382.320  0.53030442
     386.160  0.52728313
     390.050  0.52439918
     393.990  0.52160678
     397.970  0.51853971
     401.960  0.51595331
     406.010  0.51268025
     410.090  0.50965896
     414.210  0.50631724
     418.410  0.50327306
     422.620  0.49972534
     426.850  0.49652094
     431.170  0.49372854
     435.540  0.49018082
     439.900  0.48667887
     444.310  0.48322271
     448.800  0.48006409
     453.440  0.47665370
     458.000  0.47356374
     462.600  0.47072557
     467.240  0.46770428
     471.930  0.46454566
     476.660  0.46159304
     481.450  0.45836576
     486.290  0.45534447
     491.170  0.45202564
     496.130  0.44847791
     501.100  0.44486152
     506.200  0.44161135
     511.310  0.43842985
     516.500  0.43485924
     521.780  0.43190661
     527.030  0.42861067
     532.320  0.42513161
     537.690  0.42156100
     543.100  0.41780728
     548.540  0.41444266
     554.030  0.41144427
     559.690  0.40853742
     565.300  0.40556191
     570.960  0.40256352
     576.730  0.39917601
     582.540  0.39597162
     588.370  0.39269856
     594.280  0.38903639
     600.260  0.38580911
     606.290  0.38251316
     612.380  0.37921721
     618.520  0.37580682
     624.050  0.37203021
     630.310  0.36898604
     636.010  0.36527810
     642.390  0.36209659
     648.360  0.35845731
     654.910  0.35520714
     661.460  0.35202564
     668.040  0.34850080
     674.750  0.34518196
     681.540  0.34206912
     688.010  0.33863584
     694.910  0.33529412
     701.860  0.33199817
     708.720  0.32865644
     715.840  0.32549783
     722.570  0.32222477
     728.940  0.31899748
     735.250  0.31579309
     742.230  0.31263447
     748.320  0.30949874
     755.050  0.30638590
     761.900  0.30331884
     769.050  0.30027466
     774.860  0.29725338
     780.650  0.29427787
     787.070  0.29132525
     794.450  0.28839551
     801.230  0.28548867
     808.270  0.28262760
     814.870  0.27978943
     822.080  0.27697414
     828.390  0.27418173
     834.690  0.27143511
     842.380  0.26871138
     849.060  0.26601053
     856.310  0.26333257
     863.340  0.26067750
     870.210  0.25806821
     877.100  0.25548180
     883.280  0.25291829
     889.500  0.25037766
     896.100  0.24785992
     902.010  0.24536507
     907.680  0.24289311
     914.840  0.24044404
     920.650  0.23801785
     927.520  0.23563745
     933.330  0.23327993
     939.300  0.23094530
     945.640  0.22863355
     951.930  0.22634470
     958.480  0.22407874
     965.560  0.22183566
     973.000  0.21961547
     980.860  0.21741817
     988.310  0.21524376
     994.440  0.21306935
    1001.810  0.21091783
    1008.980  0.20878920
    1015.840  0.20668345
    1022.340  0.20460060
    1029.520  0.20254063
    1036.320  0.20050355
    1042.090  0.19848936
    1049.210  0.19649805
    1055.890  0.19452964
    1062.190  0.19258412
    1069.530  0.19063859
    1076.450  0.18871595
    1082.190  0.18681621
    1088.530  0.18493935
    1094.390  0.18308537
    1101.030  0.18125429
    1107.790  0.17942321
    1114.090  0.17761501
    1120.960  0.17582971
    1128.090  0.17406729
    1135.290  0.17230488
    1141.540  0.17056535
    1148.900  0.16884871
    1156.320  0.16715496
    1162.170  0.16546120
    1169.270  0.16379034
    1174.900  0.16214237
    1181.160  0.16051728
    1187.640  0.15889220
    1194.570  0.15729000
    1201.380  0.15571069
    1209.590  0.15413138
    1215.810  0.15257496
    1221.080  0.15104143
    1229.340  0.14953079
    1237.190  0.14802014
    1244.090  0.14653239
    1251.980  0.14504463
    1260.300  0.14357977
    1267.300  0.14213779
    1274.030  0.14069581
    1280.010  0.13927672
    1286.700  0.13788052
    1292.920  0.13648432
    1299.040  0.13511101
    1305.230  0.13373770
    1311.580  0.13238727
    1319.190  0.13105974
    1325.510  0.12973220
    1333.650  0.12842756
    1340.170  0.12712291
    1346.350  0.12584115
    1353.990  0.12458228
    1361.240  0.12332341
    1367.720  0.12208743
    1374.530  0.12085145
    1381.380  0.11963836
    1388.080  0.11842527
    1394.590  0.11723507
    1402.450  0.11604486
    1411.110  0.11487755
    1417.030  0.11371023
    1424.680  0.11256580
    1430.850  0.11142138
    1438.270  0.11029984
    1445.650  0.10917830
    1453.690  0.10807965
    1462.090  0.10698100
    1469.040  0.10590524
    1475.180  0.10482948
    1482.060  0.10377661
    1488.550  0.10272374
    1496.150  0.10169375
    1505.020  0.10066377
    1513.320  0.09965667
    1524.070  0.09864958
    1531.860  0.09764248
    1539.680  0.09665827
    1545.680  0.09567407
    1553.810  0.09471275
    1560.350  0.09375143
    1570.000  0.09281300
    1578.790  0.09187457
    1587.300  0.09093614
    1595.150  0.09002060
    1603.170  0.08910506
    1609.800  0.08821241
    1617.600  0.08731975
    1625.660  0.08642710
    1632.160  0.08555734
    1642.910  0.08468757
    1650.550  0.08384070
    1657.590  0.08299382
    1664.730  0.08214694
    1672.530  0.08132296
    1678.250  0.08049897
    1687.130  0.07967498
    1695.040  0.07887388
    1703.120  0.07807279
    1709.190  0.07727169
    1716.370  0.07649348
    1721.500  0.07571527
    1728.010  0.07493706
    1735.530  0.07418173
    1743.080  0.07342641
    1751.400  0.07267109
    1757.130  0.07193866
    1762.990  0.07120623
    1771.590  0.07047379
    1782.180  0.06976425
    1790.120  0.06905470
    1798.370  0.06834516
    1809.130  0.06765850
    1817.840  0.06697185
    1826.800  0.06628519
    1834.010  0.06562142
    1844.650  0.06495766
    1851.900  0.06429389
    1858.480  0.06363012
    1865.910  0.06298924
    1874.040  0.06234836
    1883.020  0.06170748
    1891.350  0.06108949
    1900.850  0.06047150
    1910.400  0.05985351
    1916.770  0.05923552
    1923.170  0.05864042
    1932.260  0.05804532
    1941.550  0.05745022
    1947.890  0.05685512
    1958.260  0.05628290
    1964.580  0.05571069
    1972.690  0.05513848
    1982.770  0.05456626
    1990.680  0.05401694
    2002.150  0.05346761
    2012.070  0.05291829
    2020.520  0.05236896
    2027.720  0.05184253
    2038.350  0.05131609
    2048.650  0.05078965
    2056.640  0.05026322
    2064.130  0.04975967
    2073.080  0.04925612
    2079.940  0.04875257
    2088.310  0.04824903
    2098.700  0.04774548
    2106.540  0.04726482
    2116.360  0.04678416
    2126.050  0.04630350
    2134.330  0.04582284
    2143.900  0.04534218
    2153.960  0.04488441
    2162.780  0.04442664
    2175.270  0.04396887
    2188.980  0.04351110
    2198.350  0.04305333
    2209.030  0.04261845
    2217.430  0.04218357
    2227.720  0.04174868
    2237.050  0.04131380
    2252.600  0.04087892
    2259.490  0.04046693
    2269.420  0.04005493
    2277.980  0.03964294
    2287.110  0.03923095
    2293.830  0.03881895
    2301.570  0.03842985
    2309.000  0.03804074
    2322.320  0.03765164
    2333.450  0.03726253
    2341.620  0.03687343
    2347.950  0.03648432
    2360.950  0.03611810
    2369.710  0.03575189
    2386.100  0.03538567
    2395.230  0.03501946
    2409.500  0.03465324
    2422.110  0.03428702
    2428.800  0.03394369
    2435.790  0.03360037
    2442.620  0.03325704
    2450.810  0.03291371
    2465.830  0.03257038
    2473.320  0.03222705
    2479.820  0.03188373
    2491.760  0.03156329
    2502.920  0.03124285
    2514.080  0.03092241
    2527.680  0.03060197
    2536.530  0.03028153
    2554.450  0.02996109
    2561.030  0.02964065
    2569.290  0.02934310
    2578.780  0.02904555
    2583.750  0.02874800
    2594.640  0.02845045
    2607.360  0.02815290
    2616.490  0.02785534
    2630.720  0.02755779
    2644.400  0.02726024
    2657.510  0.02698558
    2667.200  0.02671092
    2679.310  0.02643626
    2689.900  0.02616159
    2700.650  0.02588693
    2712.560  0.02561227
    2728.760  0.02533761
    2742.190  0.02506294
    2752.680  0.02481117
    2763.010  0.02455940
    2775.190  0.02430762
    2790.650  0.02405585
    2800.220  0.02380407
    2806.820  0.02355230
    2816.230  0.02330053
    2827.580  0.02304875
    2838.790  0.02279698
    2850.530  0.02256809
    2859.670  0.02233921
    2868.410  0.02211032
    2881.980  0.02188144
    2890.370  0.02165255
    2908.680  0.02142367
    2927.870  0.02119478
    2936.250  0.02096590
    2947.050  0.02073701
    2958.860  0.02050813
    2963.750  0.02030213
    2978.270  0.02009613
    2988.700  0.01989014
    2997.970  0.01968414
    3007.290  0.01947814
    3024.750  0.01927214
    3029.390  0.01906615
    3040.110  0.01886015
    3054.150  0.01865415
    3075.580  0.01844816
    3087.710  0.01824216
    3105.260  0.01805905
    3118.940  0.01787594
    3131.330  0.01769284
    3139.890  0.01750973
    3147.670  0.01732662
    3158.650  0.01714351
    3184.200  0.01696040
    3194.330  0.01677729
    3208.050  0.01659419
    3223.280  0.01641108
    3233.240  0.01622797
    3243.430  0.01604486
    3269.750  0.01586175
    3277.390  0.01570153
    3289.510  0.01554131
    3309.850  0.01538109
    3320.900  0.01522087
    3333.250  0.01506065
    3352.450  0.01490043
    3374.700  0.01474022
    3395.030  0.01458000
    3409.760  0.01441978
    3428.110  0.01425956
    3445.040  0.01409934
    3463.780  0.01393912
    3485.740  0.01377890
    3509.750  0.01361868
    3522.200  0.01348135
    3535.700  0.01334401
    3567.700  0.01320668
    3584.530  0.01306935
    3599.150  0.01293202
    3622.090  0.01279469
    3635.640  0.01265736
    3660.530  0.01252003
    3678.490  0.01238270
    3711.030  0.01224537
    3730.180  0.01210803
    3750.550  0.01197070
    3773.100  0.01183337
    3785.380  0.01169604
    3826.420  0.01158160
    3885.270  0.01144427
    3908.840  0.01130694
    3928.320  0.01119249
    3942.180  0.01107805
    3955.550  0.01096361
    3985.950  0.01084916
    4007.890  0.01073472
    4044.210  0.01062028
    4076.540  0.01050584
    4116.180  0.01039139
    4154.150  0.01027695
    4174.180  0.01016251
    4202.860  0.01004807
    4221.680  0.00993362
    4264.410  0.00986496
    4291.660  0.00975051
    4338.330  0.00965896
    4382.790  0.00956741
    4405.030  0.00945296
    4465.880  0.00940719
    4508.480  0.00929274
    4572.280  0.00917830
    4600.260  0.00906386
    4617.540  0.00897230
    4635.730  0.00888075
    4668.800  0.00878920
    4684.890  0.00869764
    4712.180  0.00860609
    4765.860  0.00851453
    4776.600  0.00842298
    4789.910  0.00833143
    4799.080  0.00823987
    4821.710  0.00814832
    4835.540  0.00805676
    4854.090  0.00796521
    4889.590  0.00787366
    4898.610  0.00778210
    4957.830  0.00771344
    4973.790  0.00762188
    4992.630  0.00753033
    5013.690  0.00743877
    5059.840  0.00734722
    5090.210  0.00725566
    5102.720  0.00716411
    5132.240  0.00707256
    5153.260  0.00698100
    5205.900  0.00688945
    5268.770  0.00682078
    5338.840  0.00675212
    5359.270  0.00668345
    5430.960  0.00661479
    5498.290  0.00654612
    5550.460  0.00647745
    5585.620  0.00640879
    5614.670  0.00634012
    5658.650  0.00627146
    5709.310  0.00620279
    5753.300  0.00613413
    5812.130  0.00608835
    5846.690  0.00601968
    5927.840  0.00595102
    5978.130  0.00588235
    6005.720  0.00581369
    6014.780  0.00574502
    6083.860  0.00567636
    6153.050  0.00563058
    6182.600  0.00556191
    6238.110  0.00549325
    6275.420  0.00542458
    6319.360  0.00535592
    6384.590  0.00528725
    6412.330  0.00521859
    6488.460  0.00514992
    6569.630  0.00508125
    6585.360  0.00501259
    6654.210  0.00494392
    6755.500  0.00489815
    6769.800  0.00482948
    6774.290  0.00476081
    6841.230  0.00469215
    6897.090  0.00462348
    6928.370  0.00455482
    6947.180  0.00450904
    7054.510  0.00446326
    7074.730  0.00441749
    7112.900  0.00437171
    7203.350  0.00434882
    7259.440  0.00430304
    7274.170  0.00425727
    7329.730  0.00421149
    7359.720  0.00416571
    7387.310  0.00411994
    7424.920  0.00407416
    7443.400  0.00402838
    7526.930  0.00400549
    7544.570  0.00395972
    7668.920  0.00391394
    7860.980  0.00386816
    7872.610  0.00382238
    8064.300  0.00377661
    8070.080  0.00373083
    8155.570  0.00368505
    8261.230  0.00363928
    8344.610  0.00361639
    8542.390  0.00359350
    8675.450  0.00357061
    8754.420  0.00352483
    8830.690  0.00347906
    9136.030  0.00343328
    9221.760  0.00338750
    9361.680  0.00336461
    9495.470  0.00334173
    9612.540  0.00331884
    9622.910  0.00327306
    9739.200  0.00322728
    9864.930  0.00318151
    9889.700  0.00313573
   10017.680  0.00311284
   10139.010  0.00308995
   10310.400  0.00304417
   10375.770  0.00299840
   10408.190  0.00295262
   10637.700  0.00290684
   10927.160  0.00288396
   11155.900  0.00286107
   11454.430  0.00283818
   11658.900  0.00279240
   11807.180  0.00274662
   11926.600  0.00270085
   11988.690  0.00265507
   12228.750  0.00260929
   12276.040  0.00256352
   12428.790  0.00254063
   13060.460  0.00251774
   13441.270  0.00249485
   13588.700  0.00247196
   13762.820  0.00242618
   13945.650  0.00238041
   13952.340  0.00233463
   14119.830  0.00228885
   15055.920  0.00224308
   15076.400  0.00222019
   15084.540  0.00219730
   15160.590  0.00217441
   15252.190  0.00215152
   15443.210  0.00212863
   15520.360  0.00210575
   15773.600  0.00208286
   15778.860  0.00205997
   15850.860  0.00203708
   16034.510  0.00201419
   16103.800  0.00199130
   16152.940  0.00196841
   16373.840  0.00194553
   17203.030  0.00192264
   17452.390  0.00189975
   17596.710  0.00187686
   18203.350  0.00185397
   18271.440  0.00183108
   18440.050  0.00180819
   18505.420  0.00178531
   18957.300  0.00176242
   19697.450  0.00173953
   19776.000  0.00171664
   20367.900  0.00169375
   20791.000  0.00167086
   20796.250  0.00164797
   20855.130  0.00162509
   21056.220  0.00160220
   21081.420  0.00157931
   21587.400  0.00155642
   21724.240  0.00153353
   21815.110  0.00151064
   21954.490  0.00148775
   22194.610  0.00146487
   22534.690  0.00144198
   22869.660  0.00141909
   23422.650  0.00139620
   23785.470  0.00137331
   23806.700  0.00135042
   24015.510  0.00132753
   24444.480  0.00130465
   24465.250  0.00128176
   24592.870  0.00125887
   24839.980  0.00123598
   25116.140  0.00121309
   25462.100  0.00119020
   25900.460  0.00116732
   26212.390  0.00114443
   26479.350  0.00112154
   26501.900  0.00109865
   26960.930  0.00107576
   27492.640  0.00105287
   27936.260  0.00102998
   29143.520  0.00100710
   29234.560  0.00098421
   29874.940  0.00096132
   30344.710  0.00093843
   30426.050  0.00091554
   32545.400  0.00089265
   32868.490  0.00086976
   33560.970  0.00084688
   35124.830  0.00082399
   36392.880  0.00080110
   37079.640  0.00077821
   37739.450  0.00075532
   39117.940  0.00073243
   39125.160  0.00070954
   39358.470  0.00068666
   39795.810  0.00066377
   40269.600  0.00064088
   40659.100  0.00061799
   43208.080  0.00059510
   44045.350  0.00057221
   45343.940  0.00054932
   46050.950  0.00052644
   46306.730  0.00050355
   49021.320  0.00048066
   49371.430  0.00045777
   50732.720  0.00043488
   51319.370  0.00041199
   56293.350  0.00038911
   56707.210  0.00036622
   58526.920  0.00034333
   58946.070  0.00032044
   62403.310  0.00029755
   64399.730  0.00027466
   65454.220  0.00025177
   69542.260  0.00022889
   70546.290  0.00020600
   78795.220  0.00018311
   81946.730  0.00016022
   84431.770  0.00013733
   85001.340  0.00011444
   86061.100  0.00009155
   88664.360  0.00006867
   96418.890  0.00004578
   97343.370  0.00002289
  101285.620  0.00000000
