# Digested data for dctcp_tfo_pool_w4 experiment, run at 2026-04-01 21:42:06.044442
# length  cum_frac  samples     p50      p99     p999   s50    s99    s999
      60  0.002303     1109   417.0   2601.1   5199.3  20.4  127.0   253.9
      72  0.004563     1088   384.1   2871.2   9253.5  19.0  142.0   457.6
      92  0.007601     1463   393.6   2597.3   7045.1  19.6  129.2   350.5
     119  0.009850     1083   402.5   3002.7   6544.5  19.8  147.9   322.4
     154  0.012081     1074   375.3   3077.4   6462.0  18.5  151.7   318.6
     199  0.014432     1132   424.2   2646.4   3662.3  20.8  129.5   179.2
     222  0.017885     1663   406.5   2817.3   9135.0  19.9  138.2   448.0
     227  0.020361     1192   404.1   2672.7   7192.3  19.9  131.5   354.0
     232  0.022867     1207   414.1   2989.7   6747.2  20.4  147.6   333.0
     237  0.025499     1267   415.4   3114.8  12350.0  20.5  153.7   609.3
     243  0.028138     1271   428.6   3069.5   8087.5  21.2  151.6   399.4
     248  0.030844     1303   429.9   2558.0   5239.8  21.3  126.9   259.9
     254  0.033372     1217   411.7   2747.7  12266.5  20.4  135.8   606.4
     259  0.035777     1158   422.9   2601.4  14900.9  20.9  128.5   736.2
     265  0.038528     1325   392.0   3015.1   9124.9  19.4  148.9   450.6
     271  0.041124     1250   416.0   2728.9   4537.3  20.6  134.8   224.2
     279  0.044281     1520   406.7   2773.2   4887.1  20.0  136.7   240.9
     288  0.047602     1599   381.1   2790.7   5336.1  18.8  137.8   263.5
     297  0.050871     1574   404.4   2794.7   4846.8  19.7  136.2   236.2
     303  0.060420     4598   409.9   2730.6   5451.9  19.8  132.0   263.6
     305  0.068764     4018   412.9   2932.1   7634.2  19.9  141.6   368.8
     308  0.077347     4133   417.1   2870.2   6026.9  20.2  138.8   291.4
     310  0.085586     3967   408.1   2784.1   8787.5  19.7  134.3   423.9
     313  0.094113     4106   392.9   2836.3   4404.7  19.1  137.8   214.0
     315  0.102773     4170   401.5   2811.2   6007.4  19.5  136.5   291.6
     318  0.111095     4007   406.6   2678.7   7432.1  19.7  129.7   359.9
     321  0.119790     4187   401.7   2811.8   5042.8  19.5  136.6   245.0
     323  0.128170     4035   410.8   3012.3   6593.7  20.0  146.4   320.5
     326  0.136820     4165   398.9   2823.7   9063.8  19.4  137.5   441.3
     331  0.143304     3122   397.4   2607.5   6237.9  19.4  127.1   304.0
     335  0.149800     3128   397.1   2905.0   5466.7  19.4  141.6   266.4
     340  0.156445     3200   426.8   2547.4   6380.1  20.8  124.0   310.5
     345  0.162954     3134   408.7   2832.7   5333.2  19.9  137.6   259.1
     350  0.169380     3094   407.7   2843.0   5459.7  19.7  137.7   264.4
     355  0.175749     3067   391.9   2892.6   7054.3  19.0  139.9   341.1
     360  0.182073     3045   384.8   2983.5   8420.2  18.5  143.2   404.2
     365  0.188658     3171   411.0   2824.9   5844.5  19.7  135.3   279.9
     371  0.194756     2936   402.8   2863.8   9093.3  19.4  138.2   438.9
     376  0.201559     3276   413.5   2650.1   6820.3  19.9  127.8   329.0
     385  0.205526     1910   407.3   2721.7   7827.6  19.7  131.4   378.0
     395  0.209794     2055   424.2   2647.7   7904.8  20.4  127.6   381.0
     405  0.214101     2074   424.1   3448.7   7506.0  20.4  166.0   361.2
     415  0.218059     1906   402.1   2866.9   9638.8  19.3  137.6   462.7
     425  0.222184     1986   415.3   2915.7   7368.4  19.9  140.0   353.9
     430  0.226208     1938   376.6   3042.0  12861.4  18.1  146.1   617.7
     435  0.230252     1947   395.2   2710.8   4552.1  19.0  130.5   219.2
     441  0.234262     1931   422.3   3027.4   7378.8  20.3  145.6   354.9
     446  0.238445     2014   415.3   2715.7   5892.0  20.0  130.6   283.4
     452  0.242561     1982   396.5   2723.9   6492.7  19.1  131.2   312.7
     457  0.246580     1935   398.2   2828.3   6332.0  19.1  135.8   304.1
     463  0.250596     1934   423.2   2809.7   9078.0  20.2  134.1   433.1
     468  0.254729     1990   418.8   2990.4  11488.3  19.9  142.3   546.8
     474  0.258779     1950   412.4   2898.1   7583.2  19.7  138.2   361.6
     480  0.262949     2008   392.4   2798.8   5844.2  18.7  133.4   278.6
     491  0.282634     9479   405.9   2922.1   6285.9  19.3  138.9   298.9
     502  0.302231     9436   416.9   2801.9   5754.8  19.9  133.5   274.2
     513  0.321665     9358   401.9   2913.9   7337.5  19.2  139.0   350.1
     525  0.341052     9335   403.6   2871.1   7156.8  19.1  136.0   339.0
     537  0.360808     9513   395.4   2814.4   8157.3  18.7  133.1   385.7
     549  0.380552     9507   397.4   2871.3   7912.1  18.8  135.8   374.1
     561  0.400292     9505   388.7   2761.0   6694.8  18.5  131.5   318.9
     574  0.419045     9030   407.4   2932.0   7296.1  19.4  139.4   346.9
     587  0.438662     9446   405.4   2866.8   7718.0  19.3  136.3   366.8
     600  0.458487     9546   401.4   2791.5   5824.9  19.1  132.6   276.7
     607  0.464144     2724   385.2   2790.7   7115.4  18.3  132.8   338.7
     615  0.469721     2685   412.7   2849.6   7930.7  19.6  135.2   376.2
     623  0.475426     2747   401.7   2581.2   5051.8  19.0  122.4   239.5
     630  0.481301     2829   399.0   2786.4   7366.4  18.9  132.3   349.8
     638  0.487234     2857   411.1   2926.8   7073.4  19.5  138.7   335.2
     646  0.492677     2621   414.7   2771.9   6964.3  19.7  131.5   330.4
     654  0.498247     2682   384.0   3025.7  10682.8  18.2  143.5   506.8
     662  0.503894     2719   418.6   2848.7   8775.1  19.8  134.8   415.3
     671  0.509601     2748   371.5   2930.5   5465.4  17.6  138.8   258.8
     679  0.515322     2755   413.9   2966.3   7982.3  19.6  140.4   377.8
     685  0.518909     1727   399.6   2737.7   5702.3  18.9  129.5   269.7
     690  0.522294     1630   404.2   2682.2   5551.1  19.2  127.1   263.1
     696  0.525690     1635   413.6   3314.3  12112.4  19.6  157.2   574.3
     702  0.529108     1646   416.7   2976.2   6333.5  19.7  140.9   299.7
     707  0.532666     1713   413.1   2841.7   4381.6  19.6  134.9   208.1
     713  0.535947     1580   416.3   2882.1   9669.3  19.7  136.7   458.7
     719  0.539762     1837   415.1   2796.5   7856.1  19.7  132.7   372.9
     725  0.543349     1727   397.6   2776.3  10398.5  18.8  131.4   492.1
     731  0.546800     1662   403.6   2877.0   7815.1  19.1  136.4   370.6
     737  0.550636     1847   420.6   2927.7   7110.2  19.9  138.5   336.3
     749  0.555469     2327   400.7   2789.2   4920.0  18.9  131.5   232.0
     762  0.559988     2176   397.0   2931.4   5632.9  18.8  138.5   266.1
     774  0.564814     2324   397.9   3094.4   8921.3  18.7  145.1   418.4
     787  0.569595     2302   432.3   2741.1   7619.5  20.3  129.0   358.6
     800  0.574265     2249   423.9   2706.1   8245.1  19.9  127.2   387.6
     816  0.577462     1539   404.7   3087.5   5331.6  19.0  144.9   250.2
     833  0.580556     1490   410.1   2814.3   6936.3  19.3  132.2   325.8
     850  0.583256     1300   391.8   2735.9  10878.0  18.4  128.3   510.2
     867  0.586199     1417   425.5   2921.5   5498.2  19.8  136.3   256.4
     885  0.589386     1535   418.3   2821.6   6759.8  19.6  132.0   316.3
     914  0.593135     1805   417.2   2947.2   6834.3  19.5  137.5   318.8
     945  0.596846     1787   373.8   3036.8   9896.9  17.4  141.7   461.8
     976  0.600684     1848   426.4   2867.8   7749.9  19.8  133.4   360.6
    1009  0.604595     1883   402.2   3001.7   6042.4  18.7  139.2   280.3
    1042  0.608148     1711   417.0   2694.9   4346.6  19.3  124.5   200.9
    1085  0.611714     1717   413.3   2908.7  13001.2  19.0  134.0   598.9
    1130  0.615481     1814   394.0   2796.5   8333.5  18.2  128.9   384.2
    1177  0.619155     1769   416.4   2784.3   8704.4  19.1  127.6   398.9
    1226  0.622663     1689   408.9   2761.0   9995.0  18.7  126.5   457.9
    1277  0.626156     1682   388.8   2780.0   5376.9  17.8  127.2   246.0
    1316  0.629429     1576   421.2   2934.2  10934.5  19.1  133.3   496.8
    1357  0.632660     1556   413.7   2746.6   5046.4  18.9  125.4   230.4
    1399  0.636241     1724   387.7   2957.1   6114.8  17.7  134.7   278.5
    1436  0.638702     1185   392.6   2889.0   4478.3  15.4  113.2   175.4
    1484  0.641630     1410   385.0   2853.1   6316.9  15.2  112.3   248.6
    1534  0.644660     1459   423.7   2832.2   6321.1  16.6  111.2   248.2
    1559  0.648716     1953   408.6   2778.0   8396.9  15.9  108.3   327.4
    1585  0.652969     2048   393.1   2734.5   5739.7  15.3  106.6   223.8
    1611  0.656767     1829   394.0   2886.9   7634.5  15.4  112.7   298.0
    1637  0.660979     2028   440.1   2946.9   5444.2  17.2  115.4   213.2
    1664  0.665035     1953   436.4   2956.0  13222.7  17.0  115.2   515.5
    1865  0.668013     1434   393.1   2827.4   5641.4  15.3  109.8   219.2
    2091  0.670950     1414   406.9   2947.9   7860.2  15.7  113.4   302.3
    2412  0.674399     1661   392.7   2685.8   5726.9  15.1  103.1   219.8
    2742  0.677433     1461   420.1   3291.9  10816.5  16.1  126.0   414.1
    3118  0.680245     1354   444.9   3033.1   6421.9  16.2  110.6   234.2
    3544  0.683228     1436   418.8   2959.7   6757.2  15.1  106.5   243.2
    4030  0.685952     1312   434.8   2917.0   7492.1  15.3  102.8   264.0
    4582  0.688731     1338   424.1   2908.8   4477.6  14.2   97.6   150.3
    5210  0.691396     1283   436.2   2855.0   4245.6  14.5   94.7   140.8
    5652  0.694168     1335   454.4   3333.8   8548.5  15.0  110.2   282.6
    6132  0.697192     1456   439.5   2865.2   9777.5  13.6   88.6   302.4
    6653  0.700120     1410   406.3   2754.7   5576.5  12.5   85.0   172.1
    7217  0.703138     1453   436.4   2977.3   7293.4  13.0   88.5   216.8
    7830  0.706114     1433   452.3   2851.7   6992.2  13.2   83.4   204.6
   10373  0.708872     1328   446.4   2910.4   7017.6  11.1   72.1   173.7
   13741  0.711355     1196   460.5   2867.8   4843.7  10.2   63.6   107.5
   18203  0.714273     1405   492.7   3231.3   8033.9   9.6   62.9   156.3
   24115  0.716919     1274   478.1   2730.6   4629.3   7.5   42.8    72.6
   31946  0.719424     1206   506.7   2692.1   6488.9   6.6   35.1    84.6
   33343  0.722217     1345   534.2   2992.8   8938.4   6.8   37.8   113.0
   34801  0.725124     1400   530.0   2819.7  10595.0   6.5   34.8   130.9
   36322  0.727849     1312   515.5   3031.6   5396.8   6.2   36.2    64.4
   37450  0.730418     1237   561.6   3312.4   6303.1   6.2   36.8    70.1
   38377  0.733203     1341   529.5   2956.1   5207.9   5.7   32.0    56.3
   39327  0.736144     1416   528.4   2881.1   4043.2   5.7   30.9    43.4
   40382  0.739874     1796   566.1   2949.6   5218.1   5.9   30.8    54.5
   41214  0.743383     1690   531.5   2940.4   6610.8   5.5   30.2    67.8
   42062  0.747257     1865   551.2   3159.8   6918.8   5.6   32.2    70.5
   42928  0.751354     1973   549.7   2977.4   9557.6   5.5   29.9    96.1
   43811  0.755182     1843   562.1   2986.9   7872.1   5.6   29.8    78.5
   44531  0.759032     1854   572.9   3567.9  10789.4   5.6   35.0   105.8
   45079  0.763212     2013   535.6   3077.4   5109.9   5.2   30.1    50.0
   45634  0.767264     1951   564.7   2921.6   8635.0   5.4   27.8    82.1
   46195  0.771378     1981   570.2   2871.7   6570.8   5.4   27.1    62.0
   46763  0.775270     1874   564.0   2782.1   7233.4   5.3   26.3    68.3
   47435  0.781106     2810   556.4   2903.0   8996.7   5.1   26.8    83.2
   47823  0.784832     1794   555.7   2892.9  11838.1   5.2   27.0   110.5
   48215  0.788456     1745   568.1   3003.4   4601.8   5.3   28.0    42.9
   48609  0.792250     1827   574.6   2992.7   6146.5   5.3   27.4    56.2
   49007  0.796121     1864   555.8   2910.9   6590.1   5.1   26.5    60.0
   49408  0.799909     1824   586.4   3200.1   6128.6   5.3   29.0    55.6
   49813  0.803666     1809   576.6   3439.2   8943.0   5.2   30.9    80.3
   50221  0.807128     1667   549.1   3264.7   7624.2   4.9   29.2    68.2
   50632  0.811009     1869   595.0   2789.0   5576.6   5.3   24.9    49.8
   51046  0.814683     1769   587.4   3027.4   8050.0   5.3   27.1    72.0
   55381  0.817491     1352   615.0   3145.9   5942.4   5.0   25.7    48.5
   60084  0.820500     1449   578.5   2867.4   4021.8   4.5   22.2    31.1
   64132  0.824099     1733   624.5   3428.7   6338.3   4.7   25.6    47.3
   66528  0.826932     1364   647.5   3709.4   7908.7   4.7   27.1    57.8
   69014  0.829794     1378   650.2   4099.3  10114.7   4.6   29.3    72.2
   71156  0.832708     1403   707.0   3775.8   8030.0   4.9   26.3    56.0
   72473  0.835235     1217   695.0   3358.0   7350.6   4.7   22.7    49.6
   73814  0.838138     1398   666.7   3621.6   9279.9   4.5   24.6    62.9
   75180  0.840776     1270   710.3   3620.9   9985.4   4.6   23.4    64.5
   75795  0.843673     1395   697.2   3305.1   4869.2   4.5   21.2    31.2
   76416  0.846645     1431   680.9   3310.3   5503.7   4.3   21.1    35.1
   77041  0.849644     1444   682.0   3931.3   8103.6   4.3   24.9    51.3
   77672  0.852715     1479   692.7   3626.6   8949.0   4.4   22.9    56.6
   78307  0.855554     1367   688.9   3456.2   7546.9   4.3   21.6    47.1
   78948  0.858638     1485   704.8   3750.3   9280.1   4.4   23.2    57.5
   79595  0.861674     1462   677.9   3730.7   8848.7   4.1   22.8    54.0
   80246  0.864569     1394   693.7   3504.2   6269.7   4.2   21.4    38.4
   80903  0.867574     1447   732.8   3803.1   8884.8   4.5   23.3    54.3
   81565  0.870538     1427   697.5   3874.9   9408.9   4.2   23.4    56.9
   85305  0.873857     1598   754.8   3364.1   4978.7   4.4   19.6    28.9
   89216  0.877346     1680   718.8   3510.9   6835.0   4.0   19.7    38.4
   93306  0.880966     1743   722.2   3439.2   4971.9   3.8   18.1    26.2
   97584  0.884419     1663   760.2   3763.6   8862.7   3.9   19.2    45.2
  102058  0.887721     1590   740.9   3636.9   7142.9   3.7   18.0    35.3
  105871  0.890506     1341   760.7   3799.7   8926.4   3.6   18.0    42.4
  109826  0.893437     1411   791.9   3550.6   7061.5   3.6   16.4    32.5
  113929  0.896224     1342   810.6   3418.3   7402.3   3.4   14.2    30.8
  118669  0.899060     1366   767.4   3903.9   7318.0   3.1   15.5    29.1
  123857  0.901733     1287   779.1   4326.4   9292.9   3.0   16.7    35.8
  129272  0.904462     1314   772.7   3982.8   7758.3   2.8   14.3    27.8
  135199  0.907127     1283   793.3   3887.9   5143.9   2.7   13.3    17.7
  141975  0.909887     1329   855.1   4564.5  10915.6   2.8   14.9    35.7
  149091  0.912634     1323   842.2   4299.2   7897.4   2.6   13.1    24.1
  156563  0.915671     1462   847.8   4570.5  10136.2   2.5   13.3    29.5
  164410  0.918383     1306   849.1   4204.4   9347.0   2.4   11.7    25.9
  172651  0.921130     1323   888.4   4200.6  10206.7   2.1   10.1    24.5
  181304  0.923990     1377   925.5   4352.1   6523.9   2.3   10.7    16.1
  189618  0.926740     1324   916.2   5217.7  10027.8   2.0   11.6    22.2
  197911  0.929589     1372   943.2   4252.3   6558.5   2.0    9.0    13.9
  206566  0.932447     1376   988.7   4355.3   6112.7   2.0    8.8    12.4
  215160  0.935138     1296  1054.3   4402.6   6134.4   2.0    8.5    11.8
  223195  0.937948     1353  1042.2   4296.0   5697.8   2.0    8.1    10.7
  231530  0.940683     1317  1076.3   5099.9   7831.4   1.9    9.2    14.2
  240177  0.943506     1359  1007.8   4470.1   9079.9   1.8    7.8    15.9
  253761  0.946425     1406  1140.9   5038.1  12107.1   1.9    8.4    20.2
  268113  0.949323     1395  1128.7   5358.6  11709.6   1.7    8.3    18.1
  283277  0.952126     1350  1154.7   4951.5   7140.5   1.7    7.2    10.3
  318166  0.954899     1335  1285.6   5607.5   7576.9   1.7    7.4     9.9
  368444  0.957752     1374  1399.9   5984.8   8384.0   1.7    7.1    10.0
  426666  0.960697     1418  1610.7   6468.8   8963.1   1.7    6.7     9.2
  514641  0.963725     1458  1968.8   8660.8  12757.0   1.7    7.4    10.9
  643946  0.966479     1326  2498.3   9575.3  12971.6   1.3    5.1     6.9
  792711  0.969397     1405  2935.4  10873.9  16710.5   1.4    5.4     8.2
  940700  0.972011     1259  3431.8  13365.6  17382.2   1.4    5.5     7.1
 1000000  1.000000    13477  3618.3  13461.6  19969.4   1.6    6.1     9.0
