# Digested data for homa_w4 experiment, run at 2026-04-01 21:27:32.723706
# length  cum_frac  samples     p50      p99     p999   s50    s99    s999
      60  0.002281      905   162.3    392.6    468.8   7.3   17.5    21.0
      72  0.004571      909   175.6    366.6    413.6   7.9   16.5    18.6
      92  0.007608     1205   164.0    390.2   1008.5   7.4   17.5    45.3
     119  0.009709      834   165.8    350.4   1219.6   7.4   15.7    54.7
     154  0.011990      905   164.0    363.4    431.0   7.3   16.2    19.2
     199  0.014268      904   168.4    364.6    420.3   7.6   16.4    18.9
     222  0.017917     1448   165.0    370.2    457.0   7.4   16.7    20.6
     227  0.020603     1066   162.3    381.2    428.5   7.3   17.1    19.2
     232  0.023125     1001   169.5    374.9    437.1   7.6   16.9    19.7
     237  0.025811     1066   172.2    362.8    466.9   7.8   16.4    21.1
     243  0.028346     1006   165.1    392.9    539.7   7.4   17.7    24.3
     248  0.030773      963   165.8    365.9    564.2   7.5   16.5    25.5
     254  0.033288      998   159.7    380.3    435.2   7.2   17.1    19.6
     259  0.036027     1087   165.8    394.1    522.0   7.5   17.8    23.6
     265  0.038633     1034   161.4    364.3    486.4   7.3   16.5    22.0
     271  0.041238     1034   166.8    364.8    423.5   7.5   16.4    19.1
     279  0.044318     1222   170.0    372.1    480.4   7.7   16.8    21.7
     288  0.047420     1231   164.6    381.3    483.4   7.4   17.2    21.8
     297  0.050774     1331   166.4    375.4    698.6   7.5   16.8    31.3
     303  0.060410     3824   167.5    372.2    521.9   7.5   16.6    23.3
     305  0.068846     3348   166.5    381.2    555.3   7.4   17.0    24.8
     308  0.077543     3451   166.2    378.8    536.0   7.4   16.9    24.0
     310  0.085868     3304   166.0    373.2    465.2   7.4   16.7    20.8
     313  0.094441     3402   164.6    369.9    440.2   7.4   16.5    19.7
     315  0.103079     3428   167.9    368.7    493.6   7.5   16.4    22.0
     318  0.111385     3296   167.3    368.0    448.4   7.4   16.3    19.9
     321  0.120111     3463   164.6    375.4    521.7   7.3   16.6    23.0
     323  0.128976     3518   167.3    365.9    500.2   7.4   16.1    22.1
     326  0.137458     3366   164.6    397.9    585.0   7.2   17.5    25.7
     331  0.144033     2609   167.1    372.1    551.4   7.4   16.4    24.3
     335  0.150769     2673   164.8    383.6    758.2   7.3   17.0    33.5
     340  0.157603     2712   161.2    373.6    521.4   7.1   16.5    23.0
     345  0.164132     2591   164.2    374.2    497.5   7.3   16.6    22.1
     350  0.170943     2703   163.1    375.7    512.0   7.2   16.5    22.5
     355  0.177414     2568   162.2    372.4    496.0   7.2   16.4    21.9
     360  0.183792     2531   164.2    378.4    567.0   7.3   16.7    25.1
     365  0.190480     2654   165.9    381.4    602.2   7.3   16.8    26.5
     371  0.196832     2521   167.3    398.6    491.4   7.4   17.6    21.7
     376  0.203631     2698   165.2    395.4    533.4   7.3   17.4    23.5
     385  0.207779     1646   168.4    363.6    467.8   7.4   16.0    20.6
     395  0.212103     1716   174.4    396.6    592.3   7.7   17.5    26.1
     405  0.215999     1546   166.7    372.9    468.3   7.3   16.4    20.6
     415  0.219963     1573   168.4    380.6    467.6   7.4   16.8    20.6
     425  0.224146     1660   165.0    400.2    444.9   7.2   17.6    19.5
     430  0.228364     1674   166.3    393.4    556.0   7.3   17.2    24.4
     435  0.232426     1612   168.5    375.5    495.2   7.4   16.5    21.8
     441  0.236453     1598   165.0    372.3    452.7   7.2   16.3    19.8
     446  0.240525     1616   168.2    363.0    462.9   7.4   15.9    20.3
     452  0.244602     1618   165.7    389.7    454.1   7.3   17.1    19.9
     457  0.248576     1577   165.6    374.4    437.4   7.3   16.5    19.3
     463  0.252540     1573   168.1    372.1    618.9   7.4   16.3    27.1
     468  0.256776     1681   168.5    388.3    487.2   7.4   17.0    21.4
     474  0.260878     1628   169.8    392.8    468.0   7.4   17.2    20.5
     480  0.265056     1658   163.7    382.7    526.7   7.2   16.8    23.1
     491  0.284951     7895   169.6    383.7    510.5   7.4   16.8    22.3
     502  0.304019     7567   164.2    384.8    666.7   7.2   16.9    29.2
     513  0.323223     7621   166.5    376.6    482.0   7.3   16.5    21.1
     525  0.343136     7902   166.1    378.5    523.0   7.3   16.6    22.9
     537  0.362773     7793   168.0    369.6    542.4   7.3   16.2    23.7
     549  0.383011     8031   167.1    377.4    499.2   7.3   16.5    21.8
     561  0.401807     7459   166.0    387.3    506.7   7.2   16.9    22.1
     574  0.420792     7534   166.3    378.8    482.2   7.3   16.5    21.1
     587  0.440601     7861   168.3    390.0    577.7   7.3   17.0    25.1
     600  0.459876     7649   164.6    380.4    506.7   7.2   16.6    22.1
     607  0.465714     2317   166.5    360.4    438.9   7.3   15.7    19.1
     615  0.471437     2271   166.1    378.3    475.9   7.2   16.5    20.7
     623  0.477044     2225   167.5    381.6    481.2   7.3   16.6    20.9
     630  0.482779     2276   166.5    366.8    445.7   7.2   16.0    19.4
     638  0.488436     2245   168.6    393.4    471.9   7.3   17.0    20.4
     646  0.494134     2261   167.0    374.2    483.5   7.2   16.2    21.0
     654  0.500050     2348   164.9    375.1    807.5   7.2   16.3    35.1
     662  0.505836     2296   167.9    383.4    541.6   7.3   16.6    23.5
     671  0.511539     2263   168.0    385.6    465.1   7.3   16.7    20.2
     679  0.517145     2225   163.6    373.6    476.3   7.0   16.1    20.5
     685  0.520583     1364   162.5    367.7    497.2   7.0   15.9    21.5
     690  0.523967     1343   168.8    394.4    568.5   7.3   17.0    24.6
     696  0.527550     1422   173.3    393.2    521.3   7.5   17.1    22.6
     702  0.530972     1358   168.0    384.6    514.9   7.3   16.7    22.3
     707  0.534417     1367   171.3    399.7    495.3   7.4   17.3    21.4
     713  0.538101     1462   166.8    416.5    581.5   7.2   18.0    25.2
     719  0.541498     1348   168.6    381.6    597.7   7.3   16.5    25.8
     725  0.545041     1406   166.0    370.9    534.7   7.2   16.1    23.2
     731  0.548758     1475   166.4    393.2    642.2   7.2   17.0    27.7
     737  0.552160     1350   167.7    395.8    539.1   7.3   17.2    23.4
     749  0.557139     1976   164.8    362.6    489.4   7.1   15.7    21.2
     762  0.562234     2022   162.7    384.2    452.0   7.0   16.6    19.5
     774  0.567314     2016   163.7    354.9    551.2   7.1   15.3    23.8
     787  0.571749     1760   167.7    388.5    675.3   7.2   16.8    29.1
     800  0.576595     1923   170.4    377.4    461.3   7.3   16.2    19.8
     816  0.579604     1194   169.5    396.7    472.5   7.3   17.0    20.3
     833  0.582557     1172   164.5    368.3    465.1   7.1   15.9    20.1
     850  0.585546     1186   165.4    353.2    522.0   7.1   15.1    22.4
     867  0.588494     1170   162.2    400.0    465.9   7.0   17.1    20.0
     885  0.591614     1238   171.4    379.7    498.9   7.4   16.3    21.4
     914  0.595394     1500   167.9    395.9    465.2   7.2   17.0    19.9
     945  0.598997     1430   168.6    376.8    455.6   7.2   16.2    19.5
     976  0.602812     1514   169.8    370.2    473.6   7.3   15.8    20.2
    1009  0.606469     1451   166.2    371.7    494.2   7.1   15.8    21.1
    1042  0.610128     1452   173.4    373.2    456.6   7.4   15.9    19.5
    1085  0.613502     1339   169.9    398.4    550.5   7.3   17.0    23.5
    1130  0.617362     1532   170.8    401.3    621.0   7.2   17.0    26.3
    1177  0.621071     1472   172.6    383.6    473.1   7.3   16.2    20.0
    1226  0.624914     1525   169.7    395.5    593.4   7.2   16.8    25.2
    1277  0.628382     1376   169.2    380.9    446.9   7.1   16.1    18.9
    1316  0.631806     1359   167.7    388.9    533.9   7.1   16.4    22.5
    1357  0.635193     1344   174.9    397.5    547.4   7.3   16.7    23.0
    1399  0.638681     1384   171.7    397.2    439.9   7.2   16.7    18.5
    1436  0.641354     1061   183.6    405.8    434.8   6.5   14.4    15.5
    1484  0.644444     1226   189.5    399.5    468.2   6.7   14.1    16.6
    1534  0.647173     1083   192.3    396.4    572.2   6.8   14.0    20.2
    1559  0.651550     1737   186.3    397.0    627.4   6.6   14.0    22.1
    1585  0.655393     1525   183.4    389.2    508.7   6.4   13.7    17.8
    1611  0.659540     1646   187.5    420.5    679.7   6.6   14.7    23.8
    1637  0.663522     1580   184.6    403.4    646.9   6.5   14.1    22.6
    1664  0.667778     1689   189.3    420.6    906.2   6.6   14.7    31.7
    1865  0.670769     1187   185.1    424.5    608.9   6.5   14.8    21.3
    2091  0.673894     1240   179.5    408.7    482.4   6.2   14.2    16.7
    2412  0.677182     1305   184.1    401.1    687.1   6.4   13.8    23.7
    2742  0.679682      992   190.3    414.2    531.3   6.6   14.3    18.3
    3118  0.682255     1021   196.6    431.9    501.1   6.4   14.0    16.2
    3544  0.685017     1096   190.5    406.7    537.2   6.1   13.1    17.3
    4030  0.687867     1131   189.0    425.5    601.3   6.0   13.4    19.0
    4582  0.690878     1195   195.1    418.7    539.5   5.8   12.4    16.0
    5210  0.693539     1056   197.9    429.4    944.5   5.7   12.4    27.3
    5652  0.696439     1151   193.2    426.6    535.2   5.5   12.1    15.2
    6132  0.699584     1248   195.9    410.0    478.8   5.2   10.9    12.8
    6653  0.702545     1175   201.9    423.5    624.8   5.4   11.3    16.6
    7217  0.705488     1168   203.4    431.9    505.1   5.2   11.0    12.8
    7830  0.708351     1136   206.8    408.9    472.1   5.2   10.3    11.8
   10373  0.710757      955   208.6    434.9 126122.3   4.6    9.6  2774.4
   13741  0.713358     1032   213.8    436.7    701.2   4.2    8.6    13.9
   18203  0.715908     1012   223.9    465.8    621.5   3.8    7.9    10.6
   24115  0.718466     1015   253.5    475.1    907.0   3.4    6.4    12.2
   31946  0.720966      992   271.4    493.8 421710.0   2.9    5.3  4532.6
   33343  0.723710     1089   283.8    522.5    639.4   3.0    5.4     6.7
   34801  0.726492     1104   282.8    511.2    662.5   2.9    5.2     6.7
   36322  0.729324     1124   286.3    533.3    598.7   2.8    5.3     5.9
   37450  0.731937     1037   298.6    570.1    790.1   2.8    5.4     7.5
   38377  0.734707     1099   304.0    577.0    693.2   2.8    5.3     6.4
   39327  0.737542     1125   300.4    548.4    699.4   2.8    5.0     6.4
   40382  0.741148     1431   305.9    540.6    586.7   2.8    4.9     5.3
   41214  0.744839     1465   303.2    557.5    718.7   2.7    4.9     6.4
   42062  0.748425     1423   311.4    544.0    796.6   2.8    5.0     7.3
   42928  0.752396     1576   316.4    549.6    654.6   2.8    4.9     5.8
   43811  0.756058     1453   312.4    548.3    700.1   2.8    4.9     6.2
   44531  0.760037     1579   317.9    574.5    769.3   2.7    5.0     6.6
   45079  0.764104     1614   323.1    555.5    691.9   2.8    4.8     6.0
   45634  0.768078     1577   318.1    554.0    722.5   2.7    4.7     6.1
   46195  0.772299     1675   320.1    566.0    659.3   2.7    4.8     5.5
   46763  0.776124     1518   328.6    560.4    629.9   2.8    4.7     5.3
   47435  0.781993     2329   330.3    560.4    691.3   2.8    4.7     5.8
   47823  0.785430     1364   325.5    580.5    697.9   2.7    4.8     5.8
   48215  0.789202     1497   325.1    594.8    823.0   2.7    4.9     6.8
   48609  0.792740     1404   324.9    552.0    606.0   2.7    4.5     4.9
   49007  0.796444     1470   330.1    576.9    649.5   2.7    4.7     5.3
   49408  0.799955     1393   329.4    574.5  26529.2   2.7    4.7   215.7
   49813  0.803682     1479   332.6    593.6    819.8   2.7    4.7     6.5
   50221  0.807565     1541   334.4    597.4    665.4   2.7    4.8     5.3
   50632  0.811128     1414   335.1    611.3   1259.1   2.7    4.9    10.1
   51046  0.814777     1448   330.8    576.4    646.6   2.6    4.6     5.2
   55381  0.817584     1114   350.1    580.6    703.3   2.6    4.3     5.2
   60084  0.820724     1246   370.8    615.4    792.4   2.6    4.3     5.5
   64132  0.824053     1321   377.7    638.1    771.1   2.5    4.3     5.2
   66528  0.826986     1164   388.2    632.3    767.9   2.5    4.1     5.0
   69014  0.829790     1113   393.1    677.5    735.6   2.5    4.3     4.7
   71156  0.832648     1134   398.2    659.2    728.1   2.4    4.0     4.5
   72473  0.835493     1129   403.5    639.5    731.5   2.4    3.8     4.4
   73814  0.838272     1103   407.0    656.9    741.5   2.5    4.0     4.5
   75180  0.841233     1175   676.8   1014.0   1147.2   3.9    5.9     6.7
   75795  0.844146     1156   676.6   1038.5   1096.2   3.9    6.0     6.3
   76416  0.846981     1125   684.6   1024.5   1424.7   3.9    5.9     8.2
   77041  0.849640     1055   681.9   1064.7   1604.4   3.9    6.0     9.1
   77672  0.852674     1204   686.3   1038.0   1356.1   3.9    5.9     7.7
   78307  0.855763     1226   694.6   1030.4   1203.8   3.9    5.8     6.7
   78948  0.858868     1232   691.1   1094.5   1315.2   3.9    6.1     7.3
   79595  0.861511     1049   694.0   1063.0   1227.8   3.8    5.8     6.7
   80246  0.864495     1184   699.0   1105.8  16158.3   3.9    6.1    89.1
   80903  0.867491     1189   684.6   1060.0   1316.2   3.8    5.8     7.2
   81565  0.870252     1096   699.8   1078.1   1199.5   3.8    5.9     6.5
   85305  0.873992     1484   704.0   1082.4   1304.0   3.7    5.6     6.8
   89216  0.877409     1356   712.0   1144.2 784866.4   3.6    5.8  3973.8
   93306  0.880735     1320   750.9   1128.3   1619.7   3.3    5.0     7.2
   97584  0.884417     1461   757.1   1175.0   1371.3   3.2    5.0     5.9
  102058  0.887892     1379   767.8   1192.0   1375.3   3.2    5.0     5.7
  105871  0.890933     1207   771.8   1166.2   1346.0   3.0    4.6     5.3
  109826  0.893607     1061   797.2   1226.1   1454.1   3.0    4.7     5.6
  113929  0.896260     1053   831.0   1210.2   1535.8   3.1    4.5     5.7
  118669  0.898720      976   845.0   1276.5 207922.7   2.9    4.4   719.4
  123857  0.901298     1023   859.6   1296.6   1570.6   2.9    4.3     5.3
  129272  0.904133     1125   936.4   1364.0   1747.0   3.0    4.3     5.5
  135199  0.906990     1134   967.0   1447.3   1793.1   2.9    4.3     5.4
  141975  0.909719     1083   981.7   1478.9   1650.2   2.8    4.3     4.8
  149091  0.912756     1205  1111.7   1661.5 149248.0   3.1    4.6   412.5
  156563  0.915646     1147  1137.4   1735.2   2275.8   3.0    4.6     6.0
  164410  0.918665     1198  1159.1   1699.2   2082.6   2.9    4.3     5.3
  172651  0.921492     1122  1226.1   1894.9 121595.4   3.0    4.6   293.7
  181304  0.924148     1054  1259.8   1799.0   2052.5   2.9    4.2     4.8
  189618  0.926855     1074  1338.6   2009.4 181815.5   2.9    4.3   387.7
  197911  0.929674     1119  1358.6   2454.7 255670.7   2.8    5.0   518.9
  206566  0.932514     1127  1479.5   2898.5 312281.3   2.9    5.6   603.9
  215160  0.935420     1153  1522.0   2742.1 323674.0   2.8    5.0   594.7
  223195  0.938119     1071  1622.6  52257.0 353396.8   2.9   91.9   621.7
  231530  0.941092     1180  1656.1  33650.5 360694.7   2.6   52.2   560.0
  240177  0.943723     1044  1729.3   7415.2 308500.3   2.7   11.4   474.6
  253761  0.946671     1170  1789.0   3019.5 408091.4   2.5    4.3   574.8
  268113  0.949524     1132  1919.4  26222.5 380465.5   2.8   37.6   545.8
  283277  0.952248     1081  2064.4   8301.9 352364.0   2.8   11.2   476.4
  318166  0.955188     1167  2364.8  25361.8 359285.1   2.4   26.1   370.0
  368444  0.958112     1160  2730.5  36922.2 324475.1   2.5   33.4   293.6
  426666  0.960760     1051  3304.2  60858.5 335081.5   2.4   43.6   240.2
  514641  0.963658     1150  4042.7  43709.2 479568.0   2.8   30.5   334.4
  643946  0.966568     1155  5555.0  89803.4 398550.3   3.0   48.1   213.5
  792711  0.969270     1072  7428.6 172186.2 433413.8   3.3   77.6   195.2
  940700  0.972092     1120  9857.1 205029.4 501004.5   3.7   77.1   188.4
 1000000  1.000000    11075 396931.4 825297.2 839756.5 134.2  279.0   283.9
