# Digested data for dctcp_tfo_load_aware_w4 experiment, run at 2026-04-01 21:27:32.723706
# length  cum_frac  samples     p50      p99     p999   s50    s99    s999
      60  0.002254      953   426.8   2745.2   3955.7  19.1  122.7   176.8
      72  0.004605      994   399.1   2644.9   4295.9  18.0  119.0   193.2
      92  0.007665     1294   405.2   2464.8   3068.7  18.2  110.7   137.8
     119  0.009824      913   441.3   2524.4 211270.5  19.8  113.2  9469.8
     154  0.012007      923   422.5   2610.3   3534.8  18.8  116.2   157.4
     199  0.014249      948   401.1   2762.8   3960.7  18.0  124.0   177.8
     222  0.017628     1429   421.0   2517.7   3026.8  19.0  113.7   136.7
     227  0.020329     1142   416.0   2412.6   3065.0  18.7  108.3   137.6
     232  0.022727     1014   441.8   2644.8   3142.0  19.9  119.1   141.5
     237  0.025395     1128   430.2   2630.7   3599.4  19.5  119.0   162.8
     243  0.027752      997   439.9   2912.1   3996.1  19.8  131.1   179.9
     248  0.030463     1146   416.6   2890.5   3586.3  18.8  130.5   161.9
     254  0.033007     1076   408.0   2696.8   3405.9  18.4  121.5   153.5
     259  0.035585     1090   437.6   2761.9   3638.9  19.8  124.7   164.3
     265  0.038179     1097   408.4   2570.2   3517.1  18.4  116.1   158.9
     271  0.040809     1112   404.6   2616.2   3525.8  18.2  117.7   158.7
     279  0.044144     1410   415.6   2464.0   3340.3  18.7  111.1   150.6
     288  0.047386     1371   431.7   2583.9   3735.2  19.5  116.8   168.8
     297  0.050602     1360   420.0   2608.6   3467.5  18.8  116.8   155.3
     303  0.060178     4049   432.5   2626.5   3630.4  19.3  117.4   162.3
     305  0.068905     3690   439.0   2602.7   3424.3  19.6  116.3   153.0
     308  0.077478     3625   427.6   2567.6   3310.7  19.1  114.9   148.1
     310  0.086050     3625   435.5   2624.8   3463.7  19.5  117.3   154.8
     313  0.094363     3515   452.1   2652.5   3518.6  20.2  118.6   157.4
     315  0.103054     3675   437.7   2614.6   3490.2  19.5  116.4   155.4
     318  0.112017     3790   432.9   2479.9   3258.9  19.2  110.1   144.7
     321  0.120441     3562   452.9   2705.4   3445.7  20.0  119.5   152.2
     323  0.129128     3673   436.5   2594.6   4055.5  19.3  114.5   178.9
     326  0.138017     3759   430.6   2617.0   3607.0  19.0  115.2   158.8
     331  0.144535     2756   442.3   2716.3   3902.6  19.5  119.7   172.0
     335  0.150809     2653   428.2   2625.6   3345.3  18.9  116.1   147.9
     340  0.157024     2628   437.7   2627.5   3991.3  19.3  116.0   176.2
     345  0.163677     2813   434.8   2650.5   3826.2  19.3  117.7   169.9
     350  0.170199     2758   443.1   2694.4   3320.6  19.5  118.6   146.2
     355  0.176812     2796   429.3   2702.7   3870.9  18.9  119.2   170.7
     360  0.183285     2737   427.1   2629.0   3930.5  18.9  116.2   173.8
     365  0.189911     2802   428.2   2739.5   3683.7  18.9  120.6   162.2
     371  0.196495     2784   406.3   2706.5   3568.9  18.0  119.7   157.8
     376  0.203018     2758   419.3   2618.9   3582.1  18.5  115.4   157.8
     385  0.207156     1750   428.3   2523.3   3699.2  18.9  111.2   163.0
     395  0.211188     1705   437.5   2607.4   3282.3  19.3  114.9   144.6
     405  0.215329     1751   444.6   2680.5   3495.8  19.5  117.7   153.5
     415  0.219312     1684   428.6   2841.8   3760.3  18.9  125.1   165.5
     425  0.223427     1740   435.6   2486.9   3165.4  19.1  109.1   138.9
     430  0.227485     1716   414.0   2795.9   3415.6  18.1  122.5   149.6
     435  0.231870     1854   435.9   2598.3   3383.6  19.2  114.5   149.1
     441  0.235890     1700   438.0   2644.8   5408.9  19.2  115.9   237.0
     446  0.239920     1704   416.2   2590.3   4084.3  18.3  113.8   179.4
     452  0.244167     1796   436.7   2559.3   3333.6  19.2  112.3   146.3
     457  0.248230     1718   431.1   2650.6   3639.9  19.0  116.7   160.3
     463  0.252464     1790   437.4   2624.9   3619.8  19.2  115.1   158.8
     468  0.256635     1764   447.2   2464.3   3405.3  19.6  108.1   149.4
     474  0.260564     1661   404.7   2650.2   4135.5  17.7  116.2   181.3
     480  0.264463     1649   443.5   2732.2   3617.8  19.5  119.9   158.7
     491  0.284270     8375   434.9   2716.8   3509.0  19.0  118.8   153.5
     502  0.303716     8223   413.2   2669.4   3515.9  18.1  116.9   154.0
     513  0.323636     8423   426.0   2609.4   3536.3  18.7  114.3   155.0
     525  0.343190     8268   427.3   2610.7   3671.1  18.7  114.5   161.0
     537  0.362925     8345   426.4   2633.0   3637.4  18.7  115.2   159.1
     549  0.382388     8230   432.3   2708.8   3557.0  18.9  118.5   155.7
     561  0.401937     8266   424.8   2619.8   3470.9  18.5  114.3   151.4
     574  0.421310     8192   423.1   2621.3   3572.2  18.5  114.5   156.1
     587  0.440497     8113   433.6   2654.5   3739.8  18.9  115.5   162.7
     600  0.460086     8283   430.1   2618.8   3546.1  18.8  114.2   154.7
     607  0.465674     2363   422.1   2570.9   3496.7  18.4  112.0   152.3
     615  0.471315     2385   439.4   2765.5   3739.3  19.1  120.3   162.7
     623  0.477094     2444   425.6   2630.0   3324.4  18.5  114.1   144.3
     630  0.482863     2439   430.1   2478.9   3512.1  18.7  107.9   152.8
     638  0.488732     2482   441.6   2684.0   3386.8  19.1  115.8   146.2
     646  0.494590     2477   427.3   2596.8   3523.9  18.5  112.7   152.9
     654  0.500581     2533   441.6   2597.6   3707.8  19.2  112.8   161.0
     662  0.506476     2493   419.6   2551.9   3444.9  18.2  110.5   149.2
     671  0.512218     2428   411.7   2634.4   3613.8  17.8  114.2   156.6
     679  0.517908     2406   412.6   2591.7   3888.1  17.8  111.6   167.4
     685  0.521837     1661   417.4   2615.6   3583.3  18.0  113.1   154.9
     690  0.525297     1463   450.5   2727.1   3365.7  19.5  117.9   145.5
     696  0.528782     1474   436.3   2508.2   3273.0  18.9  108.9   142.1
     702  0.532524     1582   421.1   2604.1   3252.2  18.2  112.8   140.9
     707  0.536147     1532   434.2   2580.0   3648.0  18.8  111.5   157.7
     713  0.539765     1530   466.6   2713.1   4265.8  20.2  117.6   184.8
     719  0.543261     1478   414.4   2798.1   3721.3  17.9  120.7   160.5
     725  0.546460     1353   432.9   2522.0   3328.9  18.8  109.3   144.2
     731  0.549984     1490   424.6   2504.8   3701.5  18.3  108.2   159.9
     737  0.553567     1515   437.9   2547.1   3286.3  19.0  110.5   142.6
     749  0.558153     1939   420.3   2683.7   3648.2  18.2  116.2   158.0
     762  0.562899     2007   428.6   2603.9   3321.9  18.5  112.5   143.5
     774  0.567532     1959   404.7   2499.1   3566.8  17.5  108.0   154.1
     787  0.572590     2139   410.0   2578.6   3133.7  17.7  111.3   135.2
     800  0.577441     2051   441.9   2460.0   3653.1  19.0  105.7   157.0
     816  0.580447     1271   453.0   2653.6   3390.1  19.4  113.8   145.4
     833  0.583493     1288   408.0   2655.1   4103.9  17.6  114.6   177.2
     850  0.586574     1303   449.1   2562.3   3692.9  19.2  109.7   158.2
     867  0.589623     1289   458.4   2338.6   2712.6  19.7  100.2   116.3
     885  0.592513     1222   411.0   2844.0   3875.2  17.6  122.0   166.2
     914  0.596138     1533   428.3   2666.9   3463.2  18.3  114.3   148.4
     945  0.599704     1508   425.0   2549.2   3652.3  18.2  109.3   156.5
     976  0.603474     1594   423.6   2599.2   3550.4  18.1  111.0   151.7
    1009  0.607180     1567   424.9   2541.4   3847.1  18.1  108.3   164.0
    1042  0.610810     1535   424.2   2603.2   3153.2  18.1  111.1   134.5
    1085  0.614499     1560   409.0   2595.0   3868.1  17.5  110.8   165.1
    1130  0.618354     1630   430.4   2723.3   3657.9  18.2  115.4   155.1
    1177  0.622053     1564   413.6   2578.2   3194.0  17.5  109.2   135.3
    1226  0.625917     1634   449.0   2590.1   3489.3  19.0  109.9   148.0
    1277  0.629491     1511   417.5   2543.4   4169.0  17.6  107.5   176.1
    1316  0.632816     1406   448.2   2432.9   3103.3  18.9  102.7   130.9
    1357  0.636098     1388   439.0   2533.7   3509.6  18.4  106.4   147.4
    1399  0.639627     1492   444.8   2484.4   2920.0  18.7  104.6   122.9
    1436  0.642361     1156   468.4   2714.6   3600.8  16.7   96.6   128.1
    1484  0.645158     1183   411.8   2526.5   2846.3  14.6   89.4   100.8
    1534  0.648013     1207   487.0   2765.0   3854.6  17.2   97.4   135.8
    1559  0.652102     1729   425.0   2796.4   3550.3  15.0   98.6   125.1
    1585  0.656236     1748   426.5   2673.2   3299.5  15.0   93.8   115.7
    1611  0.660197     1675   445.4   2677.1   3440.3  15.6   93.8   120.6
    1637  0.664182     1685   464.1   2597.3   3290.6  16.2   90.9   115.1
    1664  0.668304     1743   417.7   2700.6   3967.2  14.6   94.5   138.8
    1865  0.671267     1253   420.9   2628.4   3051.1  14.7   91.9   106.6
    2091  0.674275     1272   417.5   2645.8   3394.3  14.5   91.8   117.8
    2412  0.677430     1334   434.8   2539.6   3632.7  15.0   87.7   125.4
    2742  0.680242     1189   449.1   2861.1   3675.8  15.5   98.7   126.8
    3118  0.682950     1145   446.0   2781.5   3469.3  14.5   90.2   112.5
    3544  0.685793     1202   447.2   2571.6   3642.1  14.4   82.8   117.2
    4030  0.688515     1151   458.2   2543.7   3106.4  14.5   80.3    98.1
    4582  0.691206     1138   434.7   2925.6   3660.0  12.9   86.8   108.6
    5210  0.694008     1185   430.1   2620.5   3701.6  12.4   75.8   107.1
    5652  0.696908     1226   443.0   2533.4   3551.3  12.6   72.0   101.0
    6132  0.699876     1255   470.9   2682.2   3497.5  12.5   71.5    93.2
    6653  0.702806     1239   464.2   2705.7   3357.9  12.4   72.0    89.4
    7217  0.705838     1282   427.7   2404.4   2841.4  10.9   61.0    72.1
    7830  0.709000     1337   459.1   2648.3   3043.8  11.5   66.5    76.4
   10373  0.711533     1071   497.1   2645.5   3607.5  10.9   58.2    79.4
   13741  0.713817      966   471.1   2617.7   3755.7   9.3   51.8    74.4
   18203  0.716210     1012   491.8   2665.1   3586.6   8.3   45.2    60.9
   24115  0.718705     1055   508.6   2829.8   3546.4   6.9   38.1    47.8
   31946  0.721234     1069   560.1   2811.0   3733.7   6.0   30.2    40.1
   33343  0.723752     1065   561.0   3028.8   3777.7   5.8   31.6    39.4
   34801  0.726604     1206   545.6   2934.8   3999.6   5.5   29.8    40.7
   36322  0.729497     1223   549.2   2546.2   3349.0   5.5   25.3    33.2
   37450  0.732320     1194   564.8   2630.7   3114.8   5.4   24.9    29.5
   38377  0.735187     1212   575.9   2828.3   3317.3   5.3   26.0    30.5
   39327  0.737800     1105   551.1   2866.6   3761.7   5.1   26.4    34.6
   40382  0.741414     1528   529.5   2779.5   3417.0   4.8   25.1    30.8
   41214  0.745176     1591   577.1   2778.4   3811.3   5.1   24.6    33.7
   42062  0.748712     1495   572.5   2751.9   3619.1   5.2   25.1    33.0
   42928  0.752524     1612   543.2   2723.1   4326.3   4.8   24.2    38.5
   43811  0.756055     1493   565.2   2924.8   3840.8   5.0   25.9    34.0
   44531  0.759992     1665   582.3   2688.5   4147.5   5.0   23.2    35.8
   45079  0.764117     1744   577.4   2835.5   4529.9   5.0   24.5    39.2
   45634  0.768530     1866   564.6   2783.8   3452.9   4.8   23.6    29.3
   46195  0.772742     1781   583.6   2819.3   3658.4   4.9   23.7    30.8
   46763  0.777020     1809   595.0   2828.3   3881.6   5.0   23.8    32.7
   47435  0.782618     2367   587.8   2998.7   3952.0   4.9   25.0    32.9
   47823  0.786293     1554   586.6   2925.2   3976.3   4.9   24.4    33.1
   48215  0.790124     1620   597.5   3028.6   3904.0   5.0   25.1    32.4
   48609  0.793797     1553   586.1   2744.8   3983.9   4.8   22.4    32.5
   49007  0.797453     1546   582.9   2959.1   3574.8   4.8   24.1    29.2
   49408  0.801383     1662   604.9   2948.6   3942.6   4.9   24.0    32.1
   49813  0.805035     1544   593.1   3072.8   5927.0   4.7   24.5    47.3
   50221  0.808904     1636   561.8   2880.9   3915.9   4.5   23.1    31.4
   50632  0.812451     1500   596.9   2883.3   3631.4   4.8   23.1    29.1
   51046  0.816228     1597   602.0   2870.7   3931.1   4.8   22.9    31.4
   55381  0.819364     1326   605.5   2914.1   3628.2   4.5   21.5    26.8
   60084  0.822493     1323   639.8   2874.7   6234.3   4.5   20.0    43.4
   64132  0.825688     1351   622.4   2969.0   3774.1   4.2   19.9    25.3
   66528  0.828580     1223   710.3   3539.6   5414.6   4.6   23.1    35.4
   69014  0.831364     1177   706.0   3182.4   3847.7   4.5   20.2    24.4
   71156  0.834244     1218   704.8   3322.3   4120.3   4.3   20.4    25.3
   72473  0.837044     1184   762.0   3543.3   5228.4   4.6   21.3    31.4
   73814  0.839705     1125   730.3   3155.4   4226.3   4.4   19.1    25.5
   75180  0.842410     1144   724.3   3657.8   4783.8   4.2   21.3    27.8
   75795  0.845241     1197   749.9   3398.7   4179.1   4.3   19.5    24.0
   76416  0.848330     1306   743.2   3203.8   4081.2   4.3   18.4    23.4
   77041  0.851222     1223   744.4   3449.1   5232.3   4.2   19.6    29.7
   77672  0.854010     1179   740.8   3946.8   5464.4   4.2   22.4    31.0
   78307  0.856780     1171   714.6   3454.3   4634.4   4.0   19.3    25.9
   78948  0.859686     1229   759.9   3382.0   5153.1   4.2   18.9    28.8
   79595  0.862742     1292   690.9   3155.1   4234.2   3.8   17.3    23.2
   80246  0.865885     1329   703.3   3676.8   4550.8   3.9   20.3    25.1
   80903  0.868876     1265   747.3   3627.9   5226.6   4.1   20.0    28.8
   81565  0.871615     1158   727.6   3302.1   4487.3   4.0   18.0    24.5
   85305  0.874933     1403   743.0   3434.1   7755.9   3.9   17.9    40.4
   89216  0.878310     1428   754.5   3366.2   5004.6   3.8   17.0    25.3
   93306  0.881517     1356   757.8   3566.1   5580.1   3.4   15.9    24.9
   97584  0.884766     1374   802.7   3522.4   4526.6   3.4   15.1    19.4
  102058  0.888299     1494   765.8   3141.8   5939.7   3.2   13.1    24.7
  105871  0.891142     1202   788.0   3578.6   4197.8   3.1   14.1    16.5
  109826  0.893841     1141   770.8   3641.7   5247.7   2.9   13.9    20.0
  113929  0.896648     1187   774.0   3251.2   4501.4   2.9   12.0    16.7
  118669  0.899542     1224   837.0   3378.6   5433.5   2.9   11.7    18.8
  123857  0.902413     1214   767.3   3687.5   4671.4   2.6   12.4    15.7
  129272  0.905244     1197   829.1   3758.8   5417.0   2.6   11.9    17.1
  135199  0.908210     1254   864.6   3885.0   5768.1   2.6   11.6    17.2
  141975  0.911067     1208   860.5   4029.6   8284.9   2.5   11.6    23.9
  149091  0.913718     1121   885.0   4014.0   5049.4   2.4   11.1    14.0
  156563  0.916445     1153   871.4   4762.1   7379.2   2.3   12.6    19.5
  164410  0.919304     1209   869.6   3870.5   5815.6   2.2    9.8    14.8
  172651  0.922094     1180   962.2   3946.2   5179.0   2.3    9.5    12.5
  181304  0.924736     1117   910.4   4073.3   5714.9   2.1    9.4    13.2
  189618  0.927427     1138   942.7   4049.4   5107.7   2.0    8.6    10.9
  197911  0.930211     1177   983.6   4983.2   7037.1   2.0   10.1    14.3
  206566  0.932850     1116  1043.6   4450.9   5901.0   2.0    8.6    11.4
  215160  0.935518     1128  1046.2   4256.2   6275.2   1.9    7.8    11.5
  223195  0.938190     1130  1082.7   4349.8   6886.4   1.9    7.7    12.1
  231530  0.941035     1203  1070.0   4680.1   7257.1   1.7    7.3    11.3
  240177  0.943890     1207  1056.5   4519.8   6655.3   1.6    7.0    10.2
  253761  0.946711     1193  1058.4   4084.8   6771.4   1.5    5.8     9.5
  268113  0.949603     1223  1184.9   4695.9   8821.9   1.7    6.7    12.7
  283277  0.952399     1182  1185.5   5835.2   7827.9   1.6    7.9    10.6
  318166  0.955336     1242  1252.4   5557.5   8335.3   1.3    5.7     8.6
  368444  0.958115     1175  1318.6   6431.4  11607.5   1.2    5.8    10.5
  426666  0.960846     1155  1517.9   6263.9   9633.4   1.1    4.5     6.9
  514641  0.963734     1221  2033.3   8425.5  11123.9   1.4    5.9     7.8
  643946  0.966553     1192  2396.1   9686.2  13571.4   1.3    5.2     7.3
  792711  0.969282     1154  2915.1  11478.2  16397.2   1.3    5.2     7.4
  940700  0.971890     1103  3440.4  13463.8  16725.7   1.3    5.1     6.3
 1000000  1.000000    11886  3695.6  13671.4  23211.7   1.2    4.6     7.8
