# Digested data for dctcp_tfo_pool_w4 experiment, run at 2026-04-01 21:27:32.723706
# length  cum_frac  samples     p50      p99     p999   s50    s99    s999
      60  0.002242      948   423.8   4535.4  11958.7  18.9  202.7   534.6
      72  0.004415      919   455.4   3952.8  11988.7  20.5  177.8   539.3
      92  0.007509     1308   452.1   3736.1  10017.7  20.3  167.8   449.8
     119  0.009741      944   357.1   4007.9  35124.8  16.0  179.6  1574.4
     154  0.011976      945   435.0   3589.0  12263.0  19.4  159.8   546.0
     199  0.014270      970   482.2   3780.9  26960.9  21.6  169.7  1210.1
     222  0.017701     1451   409.7   4820.2  46306.7  18.5  217.6  2090.6
     227  0.020263     1083   428.6   3364.6  24840.0  19.2  151.1  1115.4
     232  0.022840     1090   420.6   5846.7  26501.9  18.9  263.2  1193.2
     237  0.025291     1036   385.0   3775.7  15252.2  17.4  170.8   689.8
     243  0.027920     1112   447.2   4688.4  70546.3  20.1  211.1  3176.3
     248  0.030616     1140   426.5   6585.4  27492.6  19.3  297.3  1241.2
     254  0.033019     1016   402.8   3936.2  15773.6  18.2  177.4   710.8
     259  0.035578     1082   489.2   4515.2  12228.8  22.1  203.8   552.1
     265  0.038144     1085   419.2   4154.1  15084.5  18.9  187.6   681.3
     271  0.040823     1133   405.2   3274.0  25900.5  18.2  147.3  1165.6
     279  0.044094     1383   418.7   5268.8  86061.1  18.9  237.5  3880.1
     288  0.047504     1442   436.5   4777.1  81946.7  19.7  215.9  3703.0
     297  0.050907     1439   419.7   4684.9  16152.9  18.8  209.8   723.4
     303  0.060604     4100   424.5   4511.3  30344.7  19.0  201.7  1356.5
     305  0.069323     3687   420.5   3710.5  32868.5  18.8  165.8  1468.7
     308  0.078009     3673   425.9   4159.1  23806.7  19.1  186.1  1065.2
     310  0.086578     3623   412.4   3852.5  26479.3  18.4  172.1  1183.2
     313  0.095035     3576   411.4   4957.8  40659.1  18.4  221.7  1818.4
     315  0.103324     3505   421.1   3774.4  21056.2  18.8  168.1   937.5
     318  0.111580     3491   438.1   4078.9  12038.4  19.5  181.1   534.6
     321  0.120275     3677   415.1   3670.6  25564.2  18.3  162.1  1129.2
     323  0.129142     3749   429.9   4134.5  44871.1  19.0  182.4  1979.3
     326  0.138074     3777   433.8   3627.0  14214.1  19.1  159.6   625.6
     331  0.144724     2812   426.4   3983.2  33256.6  18.8  175.5  1465.7
     335  0.151270     2768   413.2   3822.5  28395.7  18.3  169.0  1255.3
     340  0.157710     2723   415.8   4105.0  23846.6  18.4  181.2  1052.8
     345  0.164204     2746   425.8   4222.6  18433.7  18.9  187.5   818.5
     350  0.170726     2758   429.0   4125.4  51845.5  18.9  181.6  2281.9
     355  0.177606     2909   433.7   4184.6  30795.8  19.1  184.6  1358.4
     360  0.183911     2666   398.1   4436.3  10591.5  17.6  196.1   468.2
     365  0.190275     2691   439.0   4139.4  28450.8  19.3  182.3  1252.8
     371  0.196580     2666   431.3   3904.6  29996.2  19.1  172.7  1326.7
     376  0.203195     2797   422.1   4535.1  17750.2  18.6  199.8   781.9
     385  0.207153     1674   430.2   3831.6  31791.7  19.0  168.8  1400.5
     395  0.211389     1791   390.7   3677.0  17418.3  17.2  162.0   767.3
     405  0.215582     1773   412.9   3371.2  43459.3  18.1  148.1  1908.6
     415  0.219652     1721   429.3   3578.7  14211.9  18.9  157.5   625.5
     425  0.223717     1719   461.8   4639.1  20879.5  20.3  203.6   916.2
     430  0.227868     1755   413.8   4557.2  33461.0  18.1  199.6  1465.7
     435  0.232151     1811   398.5   4805.7  38521.6  17.6  211.7  1697.0
     441  0.236050     1649   441.2   3705.8  19317.2  19.3  162.4   846.5
     446  0.240090     1708   429.3   4341.7  30751.7  18.9  190.7  1350.5
     452  0.244162     1722   411.6   3785.2  36042.6  18.1  166.1  1581.5
     457  0.248289     1745   457.4   4506.3  14654.8  20.1  198.4   645.3
     463  0.252283     1689   434.1   5544.2  44848.5  19.0  243.2  1967.0
     468  0.256417     1748   431.1   3838.7  16372.7  18.9  168.4   718.1
     474  0.260520     1735   417.1   3726.5  29610.7  18.3  163.4  1298.1
     480  0.264567     1711   436.5   3313.1  12228.4  19.2  145.4   536.6
     491  0.283947     8195   428.2   4177.8  21295.6  18.7  182.8   931.6
     502  0.303550     8289   415.9   3920.1  21440.7  18.2  171.7   939.1
     513  0.323025     8235   422.1   4357.5  29530.4  18.5  190.9  1294.1
     525  0.342564     8262   435.9   4140.6  29887.3  19.1  181.6  1310.8
     537  0.361309     7926   424.1   4140.3  27446.9  18.6  181.1  1200.7
     549  0.380945     8303   429.8   3989.2  38383.7  18.8  174.6  1679.8
     561  0.400739     8370   416.3   4593.6  47455.8  18.2  200.4  2070.5
     574  0.420444     8332   417.5   4085.2  28022.3  18.2  178.5  1224.2
     587  0.440007     8272   434.2   4681.0  30418.8  18.9  203.6  1323.1
     600  0.459193     8113   426.7   4161.6  13738.8  18.6  181.5   599.2
     607  0.464957     2437   398.8   4795.5  35256.5  17.4  208.9  1535.6
     615  0.470706     2431   425.4   3923.4  21166.1  18.5  170.7   920.7
     623  0.476566     2478   429.4   4150.4  27920.9  18.6  180.1  1211.8
     630  0.482296     2423   387.1   3540.8  41850.3  16.8  154.1  1821.2
     638  0.488081     2446   409.5   3818.9  15393.4  17.7  164.8   664.4
     646  0.493780     2410   433.4   4318.0  13279.1  18.8  187.4   576.3
     654  0.499343     2352   432.6   3961.7  18765.1  18.8  172.0   814.8
     662  0.504962     2376   423.1   3753.2  21918.9  18.3  162.5   949.3
     671  0.510850     2490   416.1   4391.0  30636.8  18.0  190.3  1328.0
     679  0.516651     2453   438.1   4147.0  21837.9  18.9  178.6   940.5
     685  0.520424     1595   410.4   4397.0  17095.0  17.7  190.1   739.1
     690  0.523980     1504   458.6   3712.0   9819.8  19.8  160.5   424.5
     696  0.527393     1443   425.0   5087.6  41975.1  18.4  220.8  1821.8
     702  0.530841     1458   413.3   5151.4  66003.5  17.9  223.2  2859.8
     707  0.534462     1531   412.8   3303.4  16279.8  17.8  142.8   703.8
     713  0.537945     1473   397.4   3504.8  19265.4  17.2  151.9   834.7
     719  0.541566     1531   428.8   3210.4  45149.4  18.5  138.5  1947.8
     725  0.545227     1548   424.9   3686.8  10871.0  18.4  159.7   471.0
     731  0.548840     1528   437.6   3373.7  26970.7  18.9  145.7  1165.0
     737  0.552331     1476   421.1   4759.2  62832.9  18.3  206.5  2725.9
     749  0.557406     2146   418.6   4824.9  11839.8  18.1  209.0   512.8
     762  0.562082     1977   424.1   4227.7  32240.1  18.3  182.6  1392.7
     774  0.566906     2040   438.2   3477.7   7001.8  18.9  150.3   302.6
     787  0.571487     1937   419.1   3453.8  31823.7  18.1  149.1  1373.5
     800  0.576146     1970   422.3   4985.5  43533.1  18.1  214.2  1870.8
     816  0.579109     1253   444.7   4885.1  33669.6  19.1  209.6  1444.4
     833  0.582337     1365   436.5   5099.5  37749.4  18.8  220.2  1629.9
     850  0.585223     1220   447.3   3974.0  28404.0  19.2  170.2  1216.4
     867  0.587942     1150   451.4   4682.5  17320.2  19.3  200.7   742.4
     885  0.590872     1239   438.1   3722.5  16764.7  18.8  159.6   718.9
     914  0.594661     1602   449.3   4135.9  29077.5  19.3  177.2  1245.8
     945  0.598398     1580   431.1   5866.6  83749.0  18.5  251.5  3589.8
     976  0.602002     1524   393.6   4060.5  44365.8  16.8  173.5  1895.2
    1009  0.605781     1598   441.7   4316.0  15972.6  18.8  184.0   680.8
    1042  0.609295     1486   411.8   4529.9  27855.1  17.6  193.3  1188.4
    1085  0.613060     1592   419.5   3602.2  52259.4  17.9  153.7  2230.4
    1130  0.616851     1603   417.4   3467.5  11962.4  17.7  147.0   507.1
    1177  0.620436     1516   438.0   4073.7  42978.1  18.6  172.5  1820.3
    1226  0.624154     1572   443.7   4365.9  21172.3  18.8  185.2   898.3
    1277  0.627716     1506   409.4   3705.2  41021.2  17.3  156.5  1733.0
    1316  0.631109     1435   415.7   3646.7  14150.6  17.5  153.9   597.1
    1357  0.634524     1444   428.6   4562.7  42893.0  18.0  191.6  1801.5
    1399  0.638067     1498   437.1   4739.6  25397.6  18.4  199.5  1068.9
    1436  0.640789     1151   434.9   3618.4  13620.4  15.5  128.7   484.5
    1484  0.643570     1176   451.8   4521.0   9882.2  16.0  160.0   349.8
    1534  0.646529     1251   420.8   4239.1  31910.5  14.8  149.3  1124.0
    1559  0.650774     1795   452.2   4022.4  18050.0  15.9  141.8   636.2
    1585  0.654815     1709   465.9   3699.9  15656.6  16.3  129.8   549.2
    1611  0.658956     1751   421.8   5227.2  40959.4  14.8  183.2  1435.7
    1637  0.663014     1716   424.5   3826.9  11078.0  14.9  133.9   387.6
    1664  0.667018     1693   435.9   3798.8  11766.7  15.2  132.9   411.6
    1865  0.670022     1270   456.4   5965.8  32730.4  16.0  208.5  1144.0
    2091  0.673002     1260   464.5   4417.5   9734.2  16.1  153.3   337.8
    2412  0.676322     1404   437.8   3513.5  14475.0  15.1  121.3   499.7
    2742  0.678992     1129   357.0   3636.8   6852.6  12.3  125.4   236.4
    3118  0.681638     1119   449.4   3058.9  14202.9  14.6   99.2   460.4
    3544  0.684429     1180   467.2   5163.3  11007.0  15.0  166.2   354.3
    4030  0.687290     1210   417.4   3922.3  13935.1  13.2  123.8   439.9
    4582  0.690249     1251   434.9   4263.6  11271.9  12.9  126.5   334.4
    5210  0.692947     1141   424.3   3474.1   9684.7  12.3  100.6   280.3
    5652  0.696069     1320   438.6   4381.7   6923.8  12.5  124.6   196.9
    6132  0.698893     1194   434.7   3703.4   5705.2  11.6   98.7   152.0
    6653  0.701953     1294   440.2   3864.9  40049.8  11.7  102.9  1066.3
    7217  0.704871     1234   453.7   4386.4  16097.4  11.5  111.4   408.7
    7830  0.707783     1231   478.1   4839.4  16025.5  12.0  121.4   402.1
   10373  0.710590     1187   479.2   3580.9  12448.3  10.5   78.8   273.8
   13741  0.713295     1144   482.0   3986.4  17083.4   9.5   78.9   338.2
   18203  0.715894     1099   479.5   4669.8  22139.6   8.1   79.3   375.8
   24115  0.718510     1106   483.3   3588.2  27103.7   6.5   48.3   365.2
   31946  0.721114     1101   559.9   4605.2  15411.8   6.0   49.5   165.6
   33343  0.723940     1195   528.4   4702.4  45256.3   5.5   49.0   471.4
   34801  0.726993     1291   507.0   4963.1  29626.1   5.2   50.5   301.2
   36322  0.729833     1201   563.9   5936.3  61113.0   5.6   58.9   606.6
   37450  0.732593     1167   592.4   5319.7  67699.9   5.6   50.4   641.6
   38377  0.735244     1121   553.1   4490.8  13781.9   5.1   41.3   126.8
   39327  0.738046     1185   544.5   4062.2  13979.6   5.0   37.4   128.6
   40382  0.741615     1509   576.1   4939.8  52851.5   5.2   44.5   476.4
   41214  0.745352     1580   547.8   5399.6  40942.6   4.8   47.8   362.3
   42062  0.749039     1559   572.8   4715.7  31838.4   5.2   42.9   289.9
   42928  0.752830     1603   579.6   4232.3  23229.9   5.2   37.6   206.5
   43811  0.756472     1540   554.5   5270.8  48680.0   4.9   46.7   431.2
   44531  0.760464     1688   592.1   7878.7  35442.6   5.1   68.0   305.9
   45079  0.764657     1773   591.1   4267.7  44077.8   5.1   36.9   381.3
   45634  0.768899     1794   560.4   4259.8  26961.4   4.7   36.1   228.4
   46195  0.772946     1711   584.9   4970.8  22981.2   4.9   41.8   193.4
   46763  0.776808     1633   589.5   6121.6  42610.2   5.0   51.5   358.5
   47435  0.782316     2329   577.0   5129.5  20189.2   4.8   42.7   168.2
   47823  0.786081     1592   583.1   3879.4  25295.1   4.9   32.3   210.7
   48215  0.789678     1521   578.1   3989.4  35447.1   4.8   33.1   294.1
   48609  0.793431     1587   591.3   5957.4  32403.1   4.8   48.6   264.5
   49007  0.796905     1469   566.0   5155.3  31386.9   4.6   42.1   256.1
   49408  0.800691     1601   611.6   4045.0  24569.9   5.0   32.9   199.8
   49813  0.804411     1573   619.1   3889.7  17418.2   4.9   31.1   139.1
   50221  0.808020     1526   621.8   4380.1  22353.7   5.0   35.1   179.1
   50632  0.811645     1533   612.2   5615.7  59209.6   4.9   44.9   473.9
   51046  0.815529     1642   594.5   5779.4  32846.8   4.7   46.2   262.4
   55381  0.818419     1222   603.6   3941.8  40790.4   4.5   29.1   300.8
   60084  0.821401     1261   639.6   3892.4  19636.4   4.5   27.1   136.8
   64132  0.824591     1349   632.9   5830.8  69400.6   4.2   39.0   464.7
   66528  0.827412     1193   713.3   6268.4  26124.2   4.7   40.9   170.6
   69014  0.830127     1148   729.7   5264.2  20859.2   4.6   33.4   132.5
   71156  0.832887     1167   708.0   4349.4  11783.4   4.3   26.7    72.4
   72473  0.835675     1179   699.2   5937.1  35273.7   4.2   35.7   212.0
   73814  0.838447     1172   726.6   7554.4  45926.5   4.4   45.6   277.3
   75180  0.841136     1137   735.5   5153.2  13074.4   4.3   30.0    76.0
   75795  0.844014     1217   702.3   4286.9  42682.8   4.0   24.6   245.2
   76416  0.847013     1268   757.0   6298.1  55145.6   4.3   36.1   316.2
   77041  0.849924     1231   699.8   4668.6  16897.5   4.0   26.5    95.9
   77672  0.852982     1293   758.6   6331.4  34956.6   4.3   35.9   198.2
   78307  0.855721     1158   754.6   6537.0  23291.4   4.2   36.6   130.4
   78948  0.858743     1278   705.8   4996.6  45070.1   3.9   27.9   251.5
   79595  0.861656     1232   714.3   4070.2  10958.8   3.9   22.3    59.9
   80246  0.864594     1242   742.0   5661.2  29916.7   4.1   31.2   164.9
   80903  0.867652     1293   715.6   5170.8  24327.0   3.9   28.5   133.9
   81565  0.870747     1309   743.9   6399.1  25789.4   4.1   34.9   140.8
   85305  0.874198     1459   779.4   6552.7  53266.6   4.1   34.2   277.8
   89216  0.877520     1405   748.2   6958.1  20317.6   3.8   35.2   102.9
   93306  0.880836     1402   733.9   4421.6  45063.3   3.3   19.7   200.8
   97584  0.884388     1502   815.0   5525.4  23175.5   3.5   23.6    99.1
  102058  0.888160     1595   775.6   4615.9  54537.7   3.2   19.2   227.1
  105871  0.890833     1130   802.2   4365.0  23422.3   3.2   17.2    92.1
  109826  0.893706     1215   844.6   5066.9   9323.9   3.2   19.4    35.6
  113929  0.896475     1171   798.5   7749.2  36500.3   3.0   28.7   135.2
  118669  0.899074     1099   804.7   8925.5  27642.8   2.8   30.9    95.6
  123857  0.901839     1169   847.3   8147.8  68789.9   2.8   27.3   230.6
  129272  0.904625     1178   875.2  11156.9  31900.5   2.8   35.3   100.8
  135199  0.907546     1235   825.4   8874.8  33730.1   2.5   26.5   100.6
  141975  0.910317     1172   826.9  13856.4  54946.9   2.4   39.9   158.3
  149091  0.912914     1098   872.9   9589.0  70613.8   2.4   26.5   195.2
  156563  0.915849     1241   887.2   4973.6  12534.0   2.3   13.1    33.1
  164410  0.918699     1205   912.5   7314.5  24440.4   2.3   18.6    62.2
  172651  0.921321     1109   928.1   8785.9  20328.0   2.2   21.2    49.1
  181304  0.924067     1161   992.7   8388.9  31870.3   2.3   19.4    73.9
  189618  0.927002     1241   979.0   6652.0  58574.7   2.1   14.2   124.9
  197911  0.929596     1097   968.1  11513.4  29747.3   2.0   23.4    60.4
  206566  0.932377     1176  1011.8   6887.1  31078.4   2.0   13.3    60.1
  215160  0.935260     1219  1039.2  12790.5  38894.1   1.9   23.5    71.5
  223195  0.938193     1240  1069.0   9962.9  36784.1   1.9   17.5    64.7
  231530  0.940917     1152  1129.5   7656.1  30957.7   1.8   11.9    48.1
  240177  0.943762     1203  1141.4  13719.1  42786.9   1.8   21.1    65.8
  253761  0.946650     1221  1081.4  11186.3  76062.8   1.5   15.8   107.1
  268113  0.949549     1226  1166.1  10193.5  36176.3   1.7   14.6    51.9
  283277  0.952330     1176  1254.7  11539.3  44536.7   1.7   15.6    60.2
  318166  0.955045     1148  1246.6   7854.9  47826.2   1.3    8.1    49.2
  368444  0.957819     1173  1538.7  15077.8  50995.7   1.4   13.6    46.1
  426666  0.960581     1168  1887.0  11660.4  39653.6   1.4    8.4    28.4
  514641  0.963635     1291  2201.9  12527.7  71059.1   1.5    8.7    49.6
  643946  0.966354     1150  2736.6  20607.3  76014.8   1.5   11.0    40.7
  792711  0.969313     1251  3223.6  17242.3  59606.3   1.5    7.8    26.9
  940700  0.971798     1051  3790.5  18502.6  74225.9   1.4    7.0    27.9
 1000000  1.000000    11925  4116.4  28166.7  95314.1   1.4    9.5    32.2
