# Fraction of RTTS longer than a given time for dctcp_tfo_http2_w4 experiment
# Includes messages <= 315 bytes; measured at 2026-04-01 21:27:32.723706
# Data collected at 2026-04-01 21:27:32.723706 
#       usec        frac
      27.190  0.99997666
      27.630  0.99995331
      28.160  0.99992997
      28.870  0.99988329
      29.210  0.99978992
      29.680  0.99969655
      29.980  0.99957983
      30.380  0.99950980
      30.690  0.99934641
      31.070  0.99911298
      31.390  0.99892624
      31.750  0.99869281
      32.100  0.99841270
      32.430  0.99820261
      32.800  0.99768908
      33.130  0.99731559
      33.480  0.99701214
      33.830  0.99659197
      34.180  0.99605509
      34.530  0.99554155
      34.880  0.99467787
      35.230  0.99393091
      35.590  0.99304388
      35.950  0.99192344
      36.320  0.99094304
      36.700  0.98937908
      37.070  0.98823529
      37.450  0.98646125
      37.830  0.98471055
      38.210  0.98302988
      38.600  0.98134921
      38.990  0.97983193
      39.380  0.97773109
      39.780  0.97581699
      40.180  0.97408964
      40.590  0.97236228
      41.000  0.97040149
      41.420  0.96862745
      41.840  0.96669001
      42.270  0.96521942
      42.700  0.96297852
      43.140  0.96106443
      43.580  0.95926704
      44.020  0.95746965
      44.470  0.95613912
      44.920  0.95424837
      45.370  0.95212418
      45.830  0.94957983
      46.290  0.94724556
      46.760  0.94474790
      47.230  0.94229692
      47.710  0.93933240
      48.190  0.93653128
      48.680  0.93356676
      49.180  0.93006536
      49.680  0.92647059
      50.180  0.92303922
      50.690  0.91960784
      51.200  0.91640990
      51.720  0.91323529
      52.240  0.90999066
      52.770  0.90718954
      53.300  0.90459851
      53.840  0.90221755
      54.380  0.89962652
      54.930  0.89778245
      55.480  0.89561158
      56.040  0.89393091
      56.630  0.89199346
      57.200  0.89000934
      57.780  0.88835201
      58.400  0.88674136
      58.990  0.88531746
      59.580  0.88405696
      60.180  0.88270308
      60.790  0.88116246
      61.410  0.87976190
      62.030  0.87873483
      62.670  0.87721755
      63.310  0.87563025
      63.960  0.87422969
      64.600  0.87275910
      65.250  0.87114846
      65.910  0.86981793
      66.590  0.86848739
      67.280  0.86739029
      67.960  0.86605976
      68.660  0.86479925
      69.360  0.86332866
      70.060  0.86202148
      70.770  0.86085434
      71.490  0.85961718
      72.230  0.85859010
      72.960  0.85723623
      73.690  0.85581232
      74.450  0.85457516
      75.240  0.85354809
      76.040  0.85212418
      76.820  0.85088702
      77.600  0.84960317
      78.380  0.84862278
      79.170  0.84719888
      79.970  0.84633520
      80.780  0.84500467
      81.600  0.84348739
      82.420  0.84253035
      83.270  0.84122316
      84.130  0.83989262
      84.990  0.83888889
      85.850  0.83765173
      86.710  0.83641457
      87.610  0.83520075
      88.490  0.83398693
      89.390  0.83251634
      90.300  0.83085901
      91.220  0.82924837
      92.140  0.82812792
      93.100  0.82668067
      94.040  0.82546685
      95.000  0.82401961
      95.990  0.82266573
      96.980  0.82140523
      97.960  0.81984127
      98.940  0.81841737
      99.950  0.81715686
     100.960  0.81570962
     101.970  0.81433240
     103.000  0.81328198
     104.050  0.81216153
     105.120  0.81071429
     106.190  0.80915033
     107.300  0.80772642
     108.420  0.80595238
     109.520  0.80459851
     110.620  0.80298786
     111.730  0.80137722
     112.890  0.79983660
     114.020  0.79855275
     115.170  0.79710551
     116.380  0.79572829
     117.560  0.79421102
     118.740  0.79283380
     119.940  0.79147993
     121.170  0.78998599
     122.440  0.78886555
     123.680  0.78755836
     124.930  0.78599440
     126.190  0.78426704
     127.480  0.78260971
     128.760  0.78123249
     130.090  0.77973856
     131.400  0.77850140
     132.720  0.77658730
     134.050  0.77497666
     135.420  0.77355275
     136.790  0.77219888
     138.180  0.77051821
     139.600  0.76916433
     141.140  0.76757703
     142.560  0.76582633
     144.010  0.76454248
     145.480  0.76293184
     146.950  0.76115780
     148.440  0.75931373
     149.980  0.75777311
     151.480  0.75662932
     153.000  0.75506536
     154.590  0.75315126
     156.180  0.75196078
     157.750  0.75070028
     159.350  0.74913632
     160.990  0.74757236
     162.600  0.74577498
     164.240  0.74355742
     165.900  0.74164332
     167.590  0.73958917
     169.290  0.73774510
     170.990  0.73618114
     172.720  0.73466387
     174.550  0.73288982
     176.310  0.73109244
     178.080  0.72924837
     179.880  0.72752101
     181.680  0.72565359
     183.520  0.72397292
     185.380  0.72210551
     187.240  0.72023810
     189.160  0.71846405
     191.090  0.71650327
     193.050  0.71465920
     194.990  0.71318861
     196.950  0.71169468
     198.920  0.70950047
     200.940  0.70753968
     203.020  0.70539216
     205.100  0.70371148
     207.190  0.70161064
     209.270  0.69962652
     211.370  0.69759570
     213.510  0.69535481
     215.650  0.69334734
     217.810  0.69138655
     220.000  0.68935574
     222.220  0.68734827
     224.480  0.68503735
     226.740  0.68321662
     229.090  0.68141923
     231.420  0.67950514
     233.740  0.67773109
     236.130  0.67577031
     238.520  0.67359944
     240.910  0.67180205
     243.320  0.66932773
     245.760  0.66748366
     248.240  0.66542951
     250.740  0.66349206
     253.260  0.66118114
     255.810  0.65880019
     258.380  0.65667600
     260.980  0.65406162
     263.610  0.65189076
     266.290  0.64967320
     269.150  0.64757236
     271.900  0.64495798
     274.620  0.64220355
     277.480  0.64007937
     280.260  0.63786181
     283.070  0.63545752
     285.970  0.63328665
     288.920  0.63076564
     291.810  0.62838469
     294.730  0.62600373
     297.710  0.62303922
     300.730  0.62051821
     303.740  0.61846405
     306.790  0.61643324
     309.860  0.61360878
     312.980  0.61094771
     316.120  0.60840336
     319.310  0.60576564
     322.530  0.60333800
     325.780  0.60084034
     329.050  0.59817927
     332.350  0.59526144
     335.720  0.59257703
     339.130  0.59026611
     342.530  0.58697479
     345.980  0.58412698
     349.440  0.58174603
     352.960  0.57910831
     356.670  0.57600373
     360.290  0.57303922
     363.910  0.57051821
     367.550  0.56767040
     371.250  0.56440243
     374.980  0.56136788
     378.730  0.55863679
     382.520  0.55515873
     386.360  0.55224090
     390.230  0.54927638
     394.190  0.54687208
     398.190  0.54386088
     402.190  0.54080299
     406.270  0.53774510
     410.340  0.53520075
     414.480  0.53235294
     418.730  0.52913165
     422.940  0.52567694
     427.170  0.52264239
     431.460  0.51956116
     435.780  0.51622316
     440.180  0.51330532
     444.610  0.51043417
     449.060  0.50744631
     453.570  0.50471522
     458.130  0.50168067
     462.760  0.49827264
     467.400  0.49484127
     472.120  0.49131653
     476.890  0.48774510
     481.680  0.48485061
     486.590  0.48137255
     491.470  0.47808123
     496.400  0.47481326
     501.390  0.47166200
     506.420  0.46853408
     511.500  0.46533613
     516.620  0.46227824
     521.870  0.45912698
     527.210  0.45560224
     532.530  0.45238095
     537.910  0.44864613
     543.290  0.44509804
     548.850  0.44161998
     554.370  0.43851541
     559.920  0.43471055
     565.520  0.43190943
     571.210  0.42885154
     576.980  0.42572362
     582.760  0.42205882
     588.710  0.41827731
     594.620  0.41479925
     600.600  0.41094771
     606.620  0.40814659
     612.800  0.40473856
     618.930  0.40137722
     625.230  0.39862278
     631.520  0.39554155
     637.880  0.39190009
     644.330  0.38863212
     650.780  0.38557423
     657.290  0.38183940
     663.910  0.37864146
     670.560  0.37542017
     677.320  0.37264239
     684.130  0.36918768
     691.050  0.36587302
     697.980  0.36302521
     705.090  0.35957049
     712.150  0.35639589
     719.310  0.35319795
     726.510  0.35002334
     733.790  0.34680205
     741.220  0.34365079
     748.160  0.34019608
     755.720  0.33688142
     762.790  0.33349673
     770.410  0.33015873
     778.180  0.32684407
     785.050  0.32355275
     792.550  0.32030812
     800.480  0.31711018
     808.750  0.31405229
     816.840  0.31090103
     824.570  0.30777311
     833.100  0.30469188
     840.200  0.30163399
     848.060  0.29859944
     855.300  0.29561158
     862.360  0.29264706
     870.100  0.28970588
     878.810  0.28699813
     886.840  0.28412698
     893.920  0.28127918
     902.800  0.27845472
     909.890  0.27565359
     918.830  0.27287582
     926.950  0.27014472
     936.240  0.26755369
     944.040  0.26486928
     952.010  0.26220822
     960.090  0.25957049
     966.570  0.25695612
     973.760  0.25436508
     981.720  0.25182073
     989.960  0.24929972
     996.990  0.24680205
    1005.260  0.24432773
    1012.740  0.24187675
    1020.900  0.23944911
    1028.280  0.23704482
    1036.440  0.23466387
    1045.260  0.23230626
    1053.610  0.22997199
    1061.700  0.22766106
    1071.910  0.22537348
    1079.550  0.22310924
    1088.560  0.22086835
    1095.360  0.21865079
    1104.080  0.21645658
    1111.460  0.21428571
    1119.720  0.21213819
    1126.870  0.21001401
    1134.410  0.20791317
    1142.360  0.20581232
    1150.200  0.20373483
    1158.160  0.20168067
    1165.390  0.19964986
    1173.010  0.19764239
    1182.060  0.19565826
    1191.880  0.19369748
    1198.360  0.19176004
    1206.820  0.18982260
    1215.510  0.18790850
    1224.230  0.18601774
    1232.310  0.18415033
    1241.780  0.18230626
    1250.970  0.18046218
    1258.640  0.17864146
    1266.180  0.17684407
    1273.210  0.17507003
    1282.290  0.17329599
    1289.780  0.17154528
    1296.590  0.16981793
    1304.480  0.16811391
    1310.920  0.16640990
    1320.510  0.16472923
    1329.140  0.16307190
    1338.370  0.16143791
    1346.210  0.15980392
    1353.590  0.15819328
    1361.610  0.15660598
    1370.170  0.15501867
    1377.470  0.15345472
    1383.910  0.15191410
    1391.420  0.15037348
    1400.540  0.14885621
    1408.590  0.14736228
    1417.510  0.14586835
    1426.160  0.14439776
    1433.270  0.14295051
    1441.960  0.14150327
    1449.790  0.14007937
    1458.440  0.13865546
    1467.320  0.13725490
    1476.350  0.13587768
    1485.300  0.13450047
    1492.080  0.13314659
    1500.960  0.13179272
    1509.220  0.13046218
    1516.350  0.12915500
    1525.090  0.12784781
    1535.220  0.12656396
    1543.580  0.12528011
    1553.210  0.12401961
    1561.670  0.12275910
    1567.740  0.12152194
    1575.450  0.12028478
    1584.570  0.11907096
    1594.280  0.11785714
    1603.060  0.11666667
    1612.030  0.11549953
    1621.290  0.11433240
    1628.290  0.11318861
    1637.700  0.11204482
    1645.280  0.11092437
    1652.850  0.10980392
    1661.000  0.10868347
    1668.360  0.10758637
    1675.940  0.10648926
    1685.590  0.10541550
    1694.000  0.10434174
    1700.720  0.10329132
    1710.060  0.10224090
    1718.890  0.10121382
    1725.500  0.10018674
    1733.650  0.09918301
    1741.230  0.09817927
    1748.030  0.09717554
    1753.840  0.09619514
    1764.140  0.09521475
    1772.310  0.09425770
    1780.500  0.09330065
    1788.590  0.09236695
    1793.900  0.09143324
    1800.700  0.09049953
    1807.750  0.08958917
    1814.990  0.08867880
    1825.000  0.08779178
    1833.290  0.08690476
    1841.230  0.08601774
    1851.110  0.08515406
    1857.600  0.08429038
    1866.780  0.08342670
    1873.820  0.08258637
    1882.240  0.08174603
    1890.270  0.08090570
    1898.760  0.08008870
    1905.840  0.07927171
    1913.910  0.07847806
    1923.110  0.07768441
    1930.560  0.07689076
    1939.680  0.07612045
    1947.960  0.07535014
    1954.260  0.07457983
    1963.850  0.07383287
    1973.980  0.07308590
    1983.510  0.07233894
    1989.990  0.07161531
    1996.620  0.07089169
    2004.020  0.07016807
    2013.360  0.06944444
    2021.490  0.06874416
    2028.280  0.06804388
    2036.720  0.06734360
    2043.840  0.06666667
    2053.590  0.06598973
    2067.050  0.06531279
    2076.360  0.06465920
    2085.970  0.06400560
    2096.020  0.06335201
    2104.050  0.06269841
    2111.480  0.06206816
    2118.510  0.06143791
    2126.000  0.06080766
    2133.750  0.06017740
    2142.150  0.05957049
    2150.350  0.05896359
    2158.480  0.05835668
    2168.070  0.05774977
    2177.970  0.05716620
    2184.820  0.05658263
    2195.540  0.05599907
    2204.500  0.05543884
    2213.220  0.05487862
    2221.710  0.05431839
    2229.680  0.05375817
    2246.730  0.05319795
    2252.370  0.05266106
    2264.190  0.05212418
    2273.250  0.05158730
    2280.640  0.05105042
    2287.870  0.05053688
    2296.200  0.05002334
    2307.730  0.04950980
    2316.180  0.04899627
    2328.440  0.04850607
    2342.320  0.04801587
    2351.560  0.04752568
    2358.920  0.04703548
    2373.570  0.04654528
    2384.110  0.04607843
    2397.850  0.04561158
    2404.200  0.04514472
    2412.840  0.04467787
    2423.000  0.04421102
    2433.690  0.04376751
    2441.830  0.04332400
    2451.700  0.04288049
    2462.880  0.04243697
    2471.640  0.04199346
    2479.960  0.04157330
    2488.090  0.04115313
    2497.500  0.04073296
    2507.650  0.04031279
    2519.100  0.03989262
    2532.470  0.03947246
    2544.160  0.03907563
    2555.840  0.03867880
    2567.380  0.03828198
    2578.870  0.03788515
    2592.660  0.03748833
    2599.640  0.03709150
    2615.570  0.03671802
    2624.260  0.03634454
    2636.440  0.03597106
    2650.260  0.03559757
    2663.270  0.03522409
    2675.040  0.03485061
    2685.480  0.03450047
    2697.530  0.03415033
    2710.330  0.03380019
    2718.560  0.03345005
    2727.590  0.03309991
    2738.940  0.03274977
    2750.860  0.03239963
    2761.900  0.03207283
    2769.650  0.03174603
    2782.780  0.03141923
    2793.640  0.03109244
    2802.330  0.03076564
    2819.200  0.03043884
    2829.270  0.03011204
    2838.700  0.02980859
    2852.150  0.02950514
    2859.870  0.02920168
    2874.150  0.02889823
    2884.380  0.02859477
    2898.610  0.02829132
    2908.480  0.02798786
    2920.980  0.02770775
    2932.320  0.02742764
    2946.460  0.02714753
    2956.540  0.02686741
    2969.050  0.02658730
    2977.350  0.02630719
    2989.090  0.02602708
    2996.920  0.02574697
    3007.820  0.02546685
    3020.020  0.02521008
    3029.820  0.02495331
    3038.900  0.02469655
    3047.870  0.02443978
    3056.650  0.02418301
    3067.070  0.02392624
    3089.650  0.02366947
    3102.290  0.02341270
    3115.900  0.02315593
    3127.280  0.02292250
    3138.600  0.02268908
    3148.150  0.02245565
    3167.450  0.02222222
    3183.200  0.02198880
    3194.070  0.02175537
    3205.880  0.02152194
    3219.940  0.02128852
    3226.800  0.02105509
    3248.430  0.02082166
    3265.600  0.02061158
    3280.500  0.02040149
    3294.890  0.02019141
    3304.950  0.01998133
    3318.800  0.01977124
    3332.180  0.01956116
    3347.270  0.01935107
    3354.000  0.01914099
    3361.670  0.01893091
    3376.160  0.01872082
    3391.590  0.01851074
    3404.600  0.01832400
    3415.620  0.01813725
    3431.620  0.01795051
    3439.780  0.01776377
    3456.100  0.01757703
    3467.580  0.01739029
    3481.950  0.01720355
    3490.480  0.01701681
    3506.380  0.01683007
    3515.820  0.01664332
    3538.020  0.01645658
    3551.670  0.01626984
    3568.610  0.01610644
    3581.120  0.01594304
    3592.950  0.01577965
    3610.320  0.01561625
    3623.100  0.01545285
    3652.990  0.01528945
    3669.000  0.01512605
    3682.090  0.01496265
    3709.180  0.01479925
    3723.010  0.01463585
    3742.210  0.01447246
    3752.930  0.01430906
    3763.590  0.01414566
    3784.630  0.01398226
    3798.590  0.01384220
    3812.030  0.01370215
    3820.330  0.01356209
    3827.630  0.01342204
    3836.440  0.01328198
    3841.030  0.01314192
    3861.100  0.01300187
    3870.360  0.01286181
    3889.010  0.01272176
    3911.670  0.01258170
    3922.710  0.01244164
    3933.630  0.01230159
    3962.980  0.01216153
    3973.820  0.01202148
    3990.830  0.01188142
    4007.240  0.01174136
    4022.430  0.01160131
    4028.410  0.01148459
    4046.010  0.01136788
    4056.070  0.01125117
    4064.030  0.01113445
    4072.550  0.01101774
    4087.780  0.01090103
    4103.090  0.01078431
    4119.100  0.01066760
    4123.440  0.01055089
    4140.670  0.01043417
    4153.820  0.01031746
    4166.450  0.01020075
    4184.300  0.01008403
    4209.620  0.00996732
    4222.790  0.00985061
    4232.050  0.00973389
    4244.770  0.00961718
    4284.970  0.00950047
    4296.620  0.00938375
    4303.810  0.00926704
    4321.350  0.00917367
    4337.560  0.00908030
    4355.640  0.00898693
    4374.420  0.00889356
    4386.930  0.00880019
    4406.980  0.00870682
    4414.950  0.00861345
    4434.480  0.00852007
    4449.180  0.00842670
    4460.510  0.00833333
    4486.640  0.00823996
    4514.110  0.00814659
    4525.120  0.00805322
    4533.640  0.00795985
    4548.380  0.00786648
    4558.300  0.00777311
    4573.170  0.00767974
    4584.030  0.00758637
    4594.720  0.00749300
    4613.170  0.00739963
    4626.430  0.00730626
    4629.520  0.00721289
    4645.340  0.00711951
    4656.250  0.00702614
    4676.020  0.00693277
    4681.670  0.00686275
    4690.570  0.00679272
    4703.640  0.00672269
    4712.290  0.00665266
    4713.280  0.00658263
    4730.770  0.00651261
    4738.190  0.00644258
    4749.920  0.00637255
    4771.380  0.00630252
    4780.540  0.00623249
    4810.200  0.00616246
    4844.330  0.00609244
    4856.150  0.00602241
    4869.350  0.00595238
    4908.970  0.00588235
    4917.890  0.00581232
    4961.730  0.00574230
    4973.520  0.00567227
    4986.270  0.00560224
    5000.580  0.00553221
    5014.520  0.00546218
    5042.740  0.00539216
    5082.200  0.00532213
    5103.420  0.00525210
    5136.950  0.00518207
    5146.560  0.00511204
    5187.110  0.00504202
    5216.230  0.00497199
    5246.960  0.00490196
    5253.810  0.00483193
    5283.840  0.00476190
    5298.750  0.00469188
    5314.860  0.00462185
    5322.810  0.00457516
    5338.360  0.00452848
    5371.520  0.00448179
    5381.150  0.00443511
    5403.640  0.00438842
    5415.130  0.00434174
    5422.460  0.00429505
    5434.170  0.00424837
    5445.200  0.00420168
    5488.450  0.00415500
    5495.310  0.00410831
    5515.730  0.00406162
    5519.920  0.00401494
    5532.470  0.00396825
    5591.790  0.00392157
    5600.200  0.00387488
    5607.120  0.00382820
    5629.360  0.00378151
    5675.120  0.00373483
    5737.730  0.00368814
    5758.100  0.00364146
    5791.170  0.00359477
    5799.660  0.00354809
    5810.860  0.00350140
    5823.760  0.00345472
    5836.300  0.00340803
    5851.710  0.00336134
    5870.470  0.00331466
    5881.250  0.00326797
    5924.170  0.00322129
    5948.750  0.00317460
    5990.840  0.00312792
    6027.970  0.00308123
    6032.820  0.00303455
    6047.220  0.00298786
    6058.280  0.00294118
    6108.230  0.00289449
    6141.340  0.00284781
    6157.590  0.00280112
    6171.360  0.00275444
    6191.580  0.00270775
    6248.610  0.00266106
    6261.950  0.00261438
    6270.360  0.00256769
    6289.230  0.00252101
    6293.660  0.00247432
    6329.440  0.00242764
    6349.900  0.00238095
    6361.470  0.00233427
    6385.750  0.00228758
    6387.950  0.00226424
    6438.320  0.00224090
    6457.550  0.00221755
    6475.400  0.00219421
    6481.890  0.00217087
    6496.610  0.00214753
    6499.220  0.00212418
    6513.740  0.00210084
    6517.800  0.00207750
    6526.470  0.00205415
    6531.380  0.00203081
    6543.110  0.00200747
    6544.290  0.00198413
    6557.700  0.00196078
    6575.160  0.00193744
    6578.950  0.00191410
    6580.600  0.00189076
    6599.270  0.00186741
    6610.590  0.00184407
    6614.310  0.00182073
    6617.140  0.00179739
    6627.950  0.00177404
    6640.400  0.00175070
    6670.270  0.00172736
    6686.110  0.00170401
    6687.460  0.00168067
    6707.320  0.00165733
    6718.900  0.00163399
    6718.980  0.00161064
    6722.340  0.00158730
    6724.850  0.00156396
    6734.460  0.00154062
    6736.470  0.00151727
    6777.930  0.00149393
    6803.850  0.00147059
    6830.760  0.00144725
    6834.050  0.00142390
    6850.810  0.00140056
    6868.150  0.00137722
    6872.050  0.00135387
    6897.980  0.00133053
    6901.480  0.00130719
    6905.610  0.00128385
    6920.850  0.00126050
    6970.790  0.00123716
    6972.850  0.00121382
    6979.040  0.00119048
    7006.000  0.00116713
    7006.960  0.00114379
    7044.890  0.00112045
    7050.100  0.00109711
    7072.380  0.00107376
    7194.640  0.00105042
    7255.540  0.00102708
    7266.400  0.00100373
    7267.490  0.00098039
    7313.380  0.00095705
    7328.870  0.00093371
    7378.760  0.00091036
    7514.520  0.00088702
    7696.840  0.00086368
    7705.900  0.00084034
    7721.160  0.00081699
    7737.770  0.00079365
    7747.670  0.00077031
    7750.470  0.00074697
    7776.150  0.00072362
    7798.010  0.00070028
    7813.960  0.00067694
    7858.260  0.00065359
    7914.470  0.00063025
    7951.930  0.00060691
    7952.220  0.00058357
    8001.800  0.00056022
    8013.900  0.00053688
    8123.430  0.00051354
    8152.510  0.00049020
    8212.260  0.00046685
    8229.680  0.00044351
    8263.580  0.00042017
    8336.650  0.00039683
    8418.000  0.00037348
    8473.120  0.00035014
    8572.490  0.00032680
    8908.540  0.00030345
    8928.540  0.00028011
    8971.680  0.00025677
    9282.030  0.00023343
    9408.820  0.00021008
    9625.010  0.00018674
    9712.010  0.00016340
    9853.420  0.00014006
   10568.590  0.00011671
   10653.610  0.00009337
   11251.620  0.00007003
   11260.220  0.00004669
   11544.020  0.00002334
   11605.810  0.00000000
