# Digested data for dctcp_tfo_http2_w4 experiment, run at 2026-04-01 21:27:32.723706
# length  cum_frac  samples     p50      p99     p999   s50    s99    s999
      60  0.001926      805   363.3   3889.0   6248.6  16.2  173.8   279.3
      72  0.004214      956   425.8   4064.0   7267.5  19.2  182.8   326.9
      92  0.006932     1136   491.9   4611.1   6599.3  22.1  207.1   296.3
     119  0.009116      913   442.5   3931.7   7776.1  19.8  176.2   348.5
     154  0.011301      913   489.6   4115.6   8263.6  21.8  183.2   367.9
     199  0.013165      779   429.1   3557.0   7007.0  19.3  159.6   314.5
     222  0.016653     1458   437.1   4492.9   9853.4  19.7  202.8   444.8
     227  0.019409     1152   480.6   4251.6   6267.3  21.6  190.9   281.4
     232  0.022104     1126   379.9   4183.9   8001.8  17.1  188.4   360.3
     237  0.024439      976   519.6   4712.3   7696.8  23.5  213.1   348.1
     243  0.027212     1159   430.5   3814.3   6171.4  19.4  171.7   277.9
     248  0.029540      973   464.5   4227.8   7814.0  21.0  190.9   352.8
     254  0.031763      929   521.1   4962.5  11605.8  23.5  223.6   523.0
     259  0.034603     1187   552.6   4355.6   5307.1  24.9  196.6   239.6
     265  0.037089     1039   489.8   4129.4   6385.8  22.1  186.5   288.4
     271  0.039841     1150   488.0   4562.9   6557.7  22.0  205.4   295.1
     279  0.043619     1579   491.1   4055.8   7750.5  22.1  182.9   349.4
     288  0.047502     1623   413.7   3833.5   6387.9  18.7  173.2   288.7
     297  0.051271     1575   458.9   3849.1   8928.5  20.6  172.4   399.8
     303  0.061100     4108   456.2   4121.6   7705.9  20.4  184.2   344.5
     305  0.069108     3347   491.7   4460.5   6734.5  22.0  199.3   300.9
     308  0.077296     3422   481.3   4301.4   6972.9  21.5  192.5   312.0
     310  0.085488     3424   419.7   4008.5   7914.5  18.8  179.1   353.6
     313  0.094602     3809   461.9   4415.0   6979.0  20.7  197.5   312.1
     315  0.102503     3302   452.3   4209.6   6707.3  20.1  187.4   298.6
     318  0.111021     3560   504.4   3877.7   6995.1  22.4  172.2   310.6
     321  0.118790     3247   499.2   4266.8   8591.5  22.1  188.5   379.5
     323  0.127054     3454   474.2   4164.4   7052.5  20.9  183.7   311.1
     326  0.135579     3563   471.0   4043.4   7740.9  20.7  178.0   340.7
     331  0.142599     2934   470.3   4354.9   8629.9  20.7  191.9   380.3
     335  0.148739     2566   440.4   4200.7   8113.4  19.5  185.7   358.7
     340  0.155329     2754   465.0   4194.7   7550.8  20.5  185.2   333.4
     345  0.160999     2370   483.1   4396.2   6368.6  21.5  195.2   282.8
     350  0.166471     2287   449.9   4342.3   7862.1  19.8  191.1   346.0
     355  0.173135     2785   433.7   4206.7   9061.6  19.1  185.6   399.7
     360  0.180050     2890   507.2   4694.5   7259.0  22.4  207.5   320.9
     365  0.187302     3031   440.6   4245.4   8013.3  19.4  186.9   352.9
     371  0.194504     3010   506.1   4172.1   7132.5  22.4  184.5   315.5
     376  0.200022     2306   428.9   4102.7   8525.1  18.9  180.7   375.6
     385  0.203584     1489   459.9   4876.8   7710.9  20.3  214.8   339.7
     395  0.207824     1772   486.8   3511.2   7312.8  21.4  154.7   322.1
     405  0.211844     1680   456.9   3880.8   7012.8  20.1  170.4   308.0
     415  0.215574     1559   458.8   5009.6   8732.5  20.2  220.5   384.4
     425  0.220034     1864   448.3   4102.3   7408.1  19.7  180.0   325.1
     430  0.224178     1732   445.7   3707.3   6420.7  19.5  162.4   281.2
     435  0.228239     1697   468.7   4260.8   6166.2  20.6  187.7   271.6
     441  0.232773     1895   543.7   4460.0  10586.6  23.8  195.4   463.9
     446  0.237302     1893   475.1   4262.1   7065.0  20.9  187.2   310.3
     452  0.241516     1761   481.7   4487.3   8892.5  21.1  196.9   390.2
     457  0.245588     1702   504.9   4813.1   8911.2  22.2  211.9   392.4
     463  0.249768     1747   486.1   5005.9   7972.3  21.3  219.6   349.7
     468  0.253280     1468   438.6   3431.4   5533.9  19.2  150.5   242.7
     474  0.258004     1974   452.0   3819.2   6934.6  19.8  167.4   304.0
     480  0.262114     1718   445.4   4124.8   6414.4  19.5  181.0   281.5
     491  0.281641     8161   453.1   4180.3   7002.6  19.8  182.9   306.3
     502  0.300526     7893   447.5   3832.9   7550.1  19.6  167.9   330.7
     513  0.320465     8333   463.9   4001.1   7052.8  20.3  175.3   309.1
     525  0.339979     8156   442.4   3966.0   7059.7  19.4  173.9   309.6
     537  0.360626     8629   466.3   3952.0   7485.9  20.4  172.9   327.5
     549  0.378160     7328   450.5   4388.9   7804.7  19.7  192.1   341.6
     561  0.398031     8305   457.1   4285.8   7696.0  19.9  187.0   335.8
     574  0.418342     8489   456.9   4380.5   7498.4  20.0  191.4   327.6
     587  0.437697     8089   464.1   3954.6   7341.2  20.2  172.0   319.3
     600  0.456922     8035   490.1   4186.0   7582.6  21.4  182.6   330.7
     607  0.462337     2263   508.6   4391.7   6385.0  22.2  191.3   278.1
     615  0.468859     2726   488.7   4018.7   6543.4  21.3  174.8   284.6
     623  0.475092     2605   485.1   4013.4   6950.0  21.1  174.2   301.6
     630  0.480885     2421   418.1   4326.9   6030.7  18.2  188.3   262.4
     638  0.487781     2882   520.9   4246.2   6962.8  22.5  183.3   300.5
     646  0.493238     2281   462.4   4143.0   7213.1  20.1  179.8   313.1
     654  0.499617     2666   485.3   4266.7   7344.5  21.1  185.3   318.9
     662  0.505905     2628   472.3   4018.0   7262.9  20.5  174.0   314.5
     671  0.510911     2092   479.1   4505.2   7282.5  20.8  195.3   315.7
     679  0.517471     2742   442.9   3899.3   7149.7  19.1  167.9   307.9
     685  0.520943     1451   566.5   4131.7   7067.4  24.5  178.6   305.6
     690  0.524561     1512   485.1   4296.5   8982.9  21.0  185.8   388.4
     696  0.527851     1375   499.4   4395.5   9659.5  21.7  190.8   419.3
     702  0.531500     1525   454.8   4170.7   8196.0  19.7  180.7   355.1
     707  0.535015     1469   436.5   4277.4   6794.7  18.9  184.9   293.8
     713  0.538340     1390   474.1   3674.8   7960.2  20.5  159.2   344.9
     719  0.541633     1376   432.5   3857.7   6052.5  18.7  166.4   261.1
     725  0.544963     1392   436.6   4195.1   7431.3  18.9  181.8   322.0
     731  0.548074     1300   474.2   4476.9   7657.9  20.5  193.4   330.8
     737  0.551132     1278   521.7   4351.8   8506.5  22.6  188.8   369.0
     749  0.555477     1816   476.3   4014.9  10167.1  20.6  173.9   440.3
     762  0.560820     2233   513.3   4839.7   8218.1  22.2  209.1   355.0
     774  0.565615     2004   428.9   4495.6   7157.8  18.5  194.3   309.3
     787  0.570601     2084   431.2   4406.6   7306.5  18.6  190.2   315.3
     800  0.575693     2128   422.2   4393.0   7248.3  18.1  188.8   311.5
     816  0.578557     1197   343.3   2879.1   6505.5  14.7  123.5   279.1
     833  0.581294     1144   413.1   3643.2   7588.5  17.8  157.3   327.7
     850  0.584531     1353   464.9   4068.6   8665.2  19.9  174.2   371.1
     867  0.587548     1261   517.4   4192.2   6448.7  22.2  179.7   276.4
     885  0.590255     1131   471.0   3726.3   7366.3  20.2  159.8   315.9
     914  0.594159     1632   442.6   3878.5   6975.6  19.0  166.2   298.9
     945  0.598105     1649   446.1   4346.3   7607.0  19.1  186.3   326.1
     976  0.601747     1522   484.0   3992.2  10137.7  20.7  170.5   433.0
    1009  0.605309     1489   475.2   4245.7   6112.3  20.3  181.0   260.5
    1042  0.608796     1457   408.0   3914.6   5525.1  17.4  167.0   235.7
    1085  0.611956     1321   497.2   4550.9   7208.6  21.2  194.2   307.7
    1130  0.615567     1509   484.4   4319.0   8191.5  20.5  183.1   347.2
    1177  0.619761     1753   477.3   3734.4  10806.0  20.2  158.2   457.7
    1226  0.623805     1690   463.3   3977.9   5278.2  19.7  168.8   223.9
    1277  0.627463     1529   469.8   4157.9   6492.3  19.8  175.7   274.3
    1316  0.630368     1214   480.2   4342.0   6878.6  20.3  183.2   290.2
    1357  0.633821     1443   443.8   3198.6   5355.1  18.6  134.3   224.9
    1399  0.636986     1323   450.1   3642.9   7131.8  18.9  153.3   300.2
    1436  0.639652     1114   439.8   4158.7   8425.5  15.6  147.9   299.7
    1484  0.642449     1169   432.7   4306.3   7146.2  15.3  152.4   253.0
    1534  0.646019     1492   446.5   4468.1   8366.8  15.7  157.4   294.7
    1559  0.650093     1703   469.4   4576.4   9739.2  16.5  161.3   343.3
    1585  0.654154     1697   518.5   4280.6   9660.9  18.2  150.1   338.9
    1611  0.658595     1856   487.5   4915.3   7903.7  17.1  172.3   277.0
    1637  0.662593     1671   514.4   4021.2   6518.4  18.0  140.7   228.1
    1664  0.666244     1526   396.4   4080.9  12076.7  13.9  142.7   422.4
    1865  0.669271     1265   463.4   3564.6   7051.4  16.2  124.6   246.5
    2091  0.672577     1382   450.4   3863.9   8237.9  15.6  134.1   285.8
    2412  0.675851     1368   522.4   4487.8   7113.9  18.0  154.9   245.6
    2742  0.678265     1009   402.4   3777.0   6511.3  13.9  130.3   224.6
    3118  0.681409     1314   440.6   3939.3   6602.0  14.3  127.7   214.0
    3544  0.684349     1229   461.0   4412.8   7143.2  14.8  142.0   229.9
    4030  0.687192     1188   486.3   4145.4  10870.8  15.4  130.9   343.1
    4582  0.690494     1380   490.5   3515.5   7680.1  14.6  104.3   227.8
    5210  0.692755      945   513.2   4569.9   7183.6  14.9  132.3   207.9
    5652  0.695767     1259   526.0   4114.7   7100.9  15.0  117.0   201.9
    6132  0.699203     1436   515.8   4853.7   8037.1  13.7  129.3   214.2
    6653  0.701917     1134   517.8   4501.8   9071.0  13.8  119.9   241.5
    7217  0.704733     1177   537.0   4701.1   6829.2  13.6  119.3   173.4
    7830  0.708346     1510   449.5   3981.5   8922.5  11.3   99.9   223.9
   10373  0.710987     1104   514.0   4738.6   8406.9  11.3  104.2   184.9
   13741  0.713966     1245   578.1   4444.0   8779.2  11.4   88.0   173.8
   18203  0.716818     1192   532.7   4515.5   9181.5   9.0   76.7   155.9
   24115  0.719405     1081   530.2   4265.7   6802.7   7.1   57.5    91.7
   31946  0.722085     1120   504.5   3677.3   4544.7   5.4   39.5    48.8
   33343  0.724774     1124   586.9   3890.2   5712.6   6.1   40.5    59.5
   34801  0.727796     1263   602.8   5030.3   7523.1   6.1   51.1    76.5
   36322  0.730997     1338   574.5   4726.5   7865.1   5.7   46.9    78.1
   37450  0.734182     1331   584.1   4390.9   8898.1   5.5   41.6    84.3
   38377  0.736929     1148   559.0   4821.8   8581.5   5.1   44.4    79.0
   39327  0.739743     1176   585.4   4177.3   7091.5   5.4   38.4    65.3
   40382  0.742930     1332   536.1   3932.7   7182.1   4.8   35.4    64.7
   41214  0.746899     1659   607.3   4498.0   7395.3   5.4   39.8    65.4
   42062  0.750754     1611   545.6   4202.3   6461.9   5.0   38.3    58.8
   42928  0.754230     1453   578.1   4020.7   7664.0   5.1   35.7    68.1
   43811  0.757834     1506   596.0   3869.8   5768.2   5.3   34.3    51.1
   44531  0.761229     1419   642.9   4947.5   9191.9   5.5   42.7    79.3
   45079  0.765234     1674   563.5   4071.4   9571.2   4.9   35.2    82.8
   45634  0.769326     1710   632.4   4456.9   6711.1   5.4   37.8    56.9
   46195  0.772927     1505   579.7   3980.9   8729.7   4.9   33.5    73.5
   46763  0.776444     1470   572.7   5237.7   8427.4   4.8   44.1    70.9
   47435  0.781459     2096   596.2   5355.8   9240.2   5.0   44.6    77.0
   47823  0.785240     1580   622.7   3985.4   9143.9   5.2   33.2    76.2
   48215  0.789094     1611   529.6   3784.2   7284.8   4.4   31.4    60.5
   48609  0.792485     1417   620.7   4680.5   7118.0   5.1   38.2    58.1
   49007  0.796471     1666   628.1   4180.5   8552.1   5.1   34.1    69.8
   49408  0.800409     1646   580.8   4856.1   8286.2   4.7   39.5    67.4
   49813  0.804560     1735   594.2   3629.7   7684.4   4.7   29.0    61.4
   50221  0.808800     1772   630.1   4788.2   6761.7   5.0   38.4    54.2
   50632  0.812775     1661   574.5   4169.7   6743.4   4.6   33.4    54.0
   51046  0.816352     1495   601.8   4372.7  11013.5   4.8   34.9    88.0
   55381  0.819572     1346   681.8   4523.1   6473.2   5.0   33.4    47.7
   60084  0.823046     1452   583.2   4578.7   9553.9   4.1   31.9    66.6
   64132  0.826468     1430   613.3   4307.8   9284.8   4.1   28.8    62.2
   66528  0.829370     1213   661.7   4714.2  11794.6   4.3   30.8    77.0
   69014  0.831966     1085   670.5   4228.3   6410.5   4.3   26.9    40.7
   71156  0.835440     1452   785.9   4991.2   7036.1   4.8   30.7    43.2
   72473  0.838032     1083   719.9   4369.0   6808.5   4.3   26.3    40.9
   73814  0.840810     1161   675.7   4195.0   6355.4   4.1   25.3    38.4
   75180  0.843908     1295   734.9   5604.8   9017.0   4.3   32.6    52.4
   75795  0.846863     1235   677.1   4095.3   7702.6   3.9   23.5    44.3
   76416  0.850141     1370   745.2   5336.3   7725.8   4.3   30.6    44.3
   77041  0.853055     1218   805.2   4551.9   8393.3   4.6   25.8    47.6
   77672  0.855453     1002   770.3   5420.0   9000.9   4.4   30.7    51.0
   78307  0.858386     1226   718.1   4015.3   8474.1   4.0   22.5    47.4
   78948  0.860887     1045   705.4   4821.4   9361.1   3.9   26.9    52.2
   79595  0.864301     1427   706.1   4147.6   6470.2   3.9   22.7    35.4
   80246  0.868062     1572   717.4   4004.1   8575.5   4.0   22.1    47.3
   80903  0.871037     1243   716.1   4548.5   7203.9   3.9   25.0    39.7
   81565  0.874580     1481   684.4   3967.2   8001.7   3.7   21.7    43.7
   85305  0.878047     1449   785.7   4228.6   6335.5   4.1   22.1    33.0
   89216  0.881588     1480   755.5   4582.3   9462.9   3.8   23.2    47.9
   93306  0.885610     1681   734.0   4534.4   6175.8   3.3   20.2    27.5
   97584  0.888640     1266   707.8   4179.3   6878.7   3.0   17.9    29.4
  102058  0.892109     1450   784.7   4813.5   5969.4   3.3   20.0    24.9
  105871  0.894640     1058   851.5   4816.4   7791.0   3.3   18.9    30.6
  109826  0.897547     1215   759.6   5080.6   7597.8   2.9   19.4    29.0
  113929  0.899684      893   835.9   4118.9   8764.8   3.1   15.3    32.5
  118669  0.902500     1177   745.7   4888.4   7150.5   2.6   16.9    24.7
  123857  0.905206     1131   810.6   5208.3   7996.8   2.7   17.5    26.8
  129272  0.908173     1240   755.7   5208.3   8303.3   2.4   16.5    26.2
  135199  0.910939     1156   768.3   4349.0   6130.1   2.3   13.0    18.3
  141975  0.914217     1370   788.6   4275.1   5816.3   2.3   12.3    16.8
  149091  0.916644     1014   782.3   5668.9   8512.5   2.2   15.7    23.5
  156563  0.919342     1128   837.3   4640.2   7644.3   2.2   12.3    20.2
  164410  0.922118     1160   829.4   5013.9   7808.2   2.1   12.8    19.9
  172651  0.924480      987   869.3   4929.4   6816.4   2.1   11.9    16.5
  181304  0.927207     1140   844.2   5156.1   6777.0   2.0   11.9    15.7
  189618  0.930303     1294   849.8   6808.8   9137.6   1.8   14.5    19.5
  197911  0.933141     1186   954.2   5248.5   8342.5   1.9   10.7    16.9
  206566  0.935929     1165   951.2   5204.5   7595.1   1.8   10.1    14.7
  215160  0.938367     1019   948.6   4750.9   7104.6   1.7    8.7    13.1
  223195  0.941221     1193   939.9   4569.8   8093.2   1.7    8.0    14.2
  231530  0.943556      976   975.3   5321.0   8197.1   1.5    8.3    12.7
  240177  0.946354     1169  1109.7   5828.4   8856.8   1.7    9.0    13.6
  253761  0.949246     1209  1054.0   5290.1   7543.9   1.5    7.5    10.6
  268113  0.951663     1010   921.1   4877.4   7323.9   1.3    7.0    10.5
  283277  0.954415     1150   967.2   4826.3  12048.6   1.3    6.5    16.3
  318166  0.957042     1098  1149.5   4222.8   5646.4   1.2    4.3     5.8
  368444  0.959592     1066  1229.0   5542.6   7337.3   1.1    5.0     6.6
  426666  0.961868      951  1363.5   5610.6   7597.2   1.0    4.0     5.4
  514641  0.964988     1304  1486.9   5785.1  11758.3   1.0    4.0     8.2
  643946  0.968096     1299  1816.2   6482.8   7965.3   1.0    3.5     4.3
  792711  0.970434      977  2418.0   7520.0   9737.9   1.1    3.4     4.4
  940700  0.972872     1019  2791.6   9094.1   9963.4   1.0    3.4     3.7
 1000000  1.000000    11338  2825.2   9314.0  12828.5   1.0    3.1     4.3
