# Fraction of RTTS longer than a given time for homa_w4 experiment
# Includes messages <= 315 bytes; measured at 2026-04-01 21:27:32.723706
# Data collected at 2026-04-01 21:27:32.723706 
#       usec        frac
      25.560  0.99997555
      27.040  0.99995111
      27.800  0.99992666
      28.530  0.99990221
      28.900  0.99985332
      29.400  0.99980443
      29.720  0.99970664
      30.330  0.99960886
      30.680  0.99958441
      31.040  0.99946218
      31.390  0.99943774
      31.770  0.99924216
      32.170  0.99911993
      32.500  0.99887547
      32.840  0.99865545
      33.220  0.99850878
      33.700  0.99838654
      34.080  0.99826431
      34.440  0.99804430
      34.960  0.99784873
      35.310  0.99762871
      35.690  0.99726202
      36.050  0.99704200
      36.430  0.99669975
      36.800  0.99635750
      37.250  0.99608859
      37.660  0.99577079
      38.040  0.99525742
      38.440  0.99476849
      38.870  0.99420623
      39.260  0.99376620
      39.670  0.99327727
      40.090  0.99293502
      40.500  0.99261722
      40.940  0.99215274
      41.360  0.99159048
      41.780  0.99102821
      42.200  0.99056373
      42.630  0.99005036
      43.060  0.98939031
      43.530  0.98890138
      44.010  0.98811910
      44.490  0.98750795
      44.940  0.98711680
      45.400  0.98655454
      45.880  0.98591894
      46.340  0.98513665
      46.820  0.98469662
      47.310  0.98388989
      47.790  0.98313206
      48.270  0.98237422
      48.760  0.98154305
      49.260  0.98085855
      49.770  0.97978292
      50.270  0.97900064
      50.780  0.97782721
      51.310  0.97680047
      51.830  0.97606708
      52.350  0.97508923
      52.880  0.97423361
      53.420  0.97320686
      53.960  0.97171564
      54.500  0.97054222
      55.050  0.96931990
      55.630  0.96826871
      56.190  0.96738865
      56.780  0.96609299
      57.350  0.96479734
      57.940  0.96333056
      58.530  0.96169266
      59.130  0.96034812
      59.740  0.95827018
      60.340  0.95646115
      60.960  0.95450545
      61.570  0.95279421
      62.190  0.95064294
      62.820  0.94829609
      63.450  0.94604703
      64.090  0.94389576
      64.740  0.94157336
      65.400  0.93915318
      66.060  0.93712414
      66.730  0.93536401
      67.400  0.93306605
      68.080  0.93047475
      68.770  0.92803012
      69.460  0.92548770
      70.160  0.92240747
      70.870  0.91979172
      71.580  0.91700484
      72.300  0.91426686
      73.030  0.91157776
      73.770  0.90839975
      74.510  0.90517284
      75.260  0.90221483
      76.020  0.89869457
      76.790  0.89539432
      77.560  0.89177627
      78.340  0.88867159
      79.130  0.88537134
      79.930  0.88194886
      80.740  0.87811079
      81.550  0.87468831
      82.370  0.87116804
      83.210  0.86701217
      84.050  0.86356525
      84.900  0.86021611
      85.750  0.85625581
      86.610  0.85268665
      87.480  0.84848189
      88.360  0.84442380
      89.270  0.84031682
      90.170  0.83628319
      91.090  0.83220066
      92.010  0.82819146
      92.940  0.82410893
      93.870  0.81965971
      94.810  0.81535716
      95.760  0.81027233
      96.720  0.80645871
      97.690  0.80244952
      98.670  0.79804919
      99.660  0.79381998
     100.670  0.78927297
     101.680  0.78521488
     102.700  0.78030118
     103.750  0.77590085
     104.790  0.77132939
     105.840  0.76585342
     106.900  0.76115973
     107.970  0.75634381
     109.050  0.75135677
     110.150  0.74705422
     111.260  0.74253166
     112.390  0.73778908
     113.520  0.73263091
     114.670  0.72808390
     115.820  0.72321909
     116.980  0.71810981
     118.150  0.71326945
     119.340  0.70798905
     120.540  0.70273310
     121.750  0.69781939
     122.970  0.69263678
     124.210  0.68728304
     125.460  0.68153816
     126.720  0.67603775
     128.010  0.67043954
     129.300  0.66508581
     130.600  0.65899868
     131.920  0.65386496
     133.240  0.64829120
     134.560  0.64178849
     135.910  0.63584804
     137.270  0.62951645
     138.650  0.62355156
     140.040  0.61790446
     141.450  0.61198846
     142.870  0.60599912
     144.240  0.59993644
     145.690  0.59419156
     147.110  0.58822667
     148.510  0.58233511
     149.670  0.57649245
     150.890  0.57072312
     152.250  0.56500269
     153.530  0.55933115
     154.830  0.55373295
     155.940  0.54818364
     157.160  0.54268322
     158.480  0.53725615
     159.660  0.53187796
     160.790  0.52654867
     161.970  0.52126827
     163.010  0.51603677
     164.110  0.51085415
     165.180  0.50574488
     166.190  0.50068450
     167.190  0.49567301
     168.230  0.49071041
     169.190  0.48579670
     170.260  0.48093189
     171.280  0.47611597
     172.340  0.47134895
     173.330  0.46663081
     174.310  0.46196157
     175.310  0.45734122
     176.370  0.45274532
     177.350  0.44819831
     178.430  0.44370019
     179.320  0.43925097
     180.300  0.43485063
     181.300  0.43049919
     182.220  0.42617220
     183.200  0.42189410
     184.270  0.41766489
     185.110  0.41348457
     185.970  0.40932870
     186.850  0.40522173
     187.600  0.40116364
     188.450  0.39713001
     189.380  0.39314526
     190.170  0.38920941
     191.000  0.38529800
     191.800  0.38143549
     192.570  0.37759742
     193.350  0.37380824
     194.180  0.37006796
     195.050  0.36635212
     195.780  0.36268518
     196.610  0.35904268
     197.470  0.35544908
     198.310  0.35187992
     199.130  0.34835965
     199.810  0.34486383
     200.470  0.34139246
     201.220  0.33796998
     202.030  0.33457195
     202.740  0.33122280
     203.550  0.32789811
     204.260  0.32459786
     205.030  0.32134650
     205.710  0.31811959
     206.490  0.31491713
     207.070  0.31176356
     207.700  0.30863443
     208.410  0.30552975
     209.190  0.30247396
     209.870  0.29944262
     210.610  0.29643573
     211.260  0.29345328
     211.950  0.29049528
     212.830  0.28758617
     213.490  0.28470151
     214.190  0.28184129
     214.960  0.27900552
     215.590  0.27619420
     216.220  0.27343177
     216.780  0.27069379
     217.380  0.26798025
     218.010  0.26529116
     218.740  0.26262651
     219.340  0.25998631
     219.840  0.25737056
     220.490  0.25477925
     221.140  0.25221239
     221.860  0.24966998
     222.570  0.24715201
     223.220  0.24465849
     223.780  0.24218941
     224.450  0.23974478
     225.080  0.23732460
     225.670  0.23492886
     226.350  0.23255757
     226.900  0.23021073
     227.520  0.22788833
     228.080  0.22559038
     228.690  0.22331687
     229.260  0.22106781
     229.880  0.21884320
     230.400  0.21664304
     230.960  0.21446732
     231.540  0.21231604
     232.230  0.21018921
     232.800  0.20808683
     233.420  0.20598445
     234.100  0.20390652
     234.690  0.20185303
     235.300  0.19982399
     235.840  0.19781939
     236.440  0.19583924
     236.960  0.19385909
     237.530  0.19190339
     238.040  0.18997213
     238.580  0.18806532
     239.130  0.18618296
     239.750  0.18430059
     240.470  0.18244267
     241.070  0.18060920
     241.590  0.17880018
     242.090  0.17699115
     242.700  0.17520657
     243.330  0.17344644
     243.920  0.17171075
     244.520  0.16997506
     245.300  0.16826382
     245.790  0.16657703
     246.330  0.16489024
     246.990  0.16322789
     247.480  0.16158999
     248.190  0.15995209
     248.710  0.15833863
     249.390  0.15674962
     250.110  0.15516061
     250.680  0.15359605
     251.150  0.15205593
     251.600  0.15051582
     252.180  0.14900015
     252.830  0.14750892
     253.410  0.14601770
     253.950  0.14455092
     254.440  0.14308414
     255.010  0.14164181
     255.480  0.14022393
     256.070  0.13880604
     256.560  0.13741260
     257.190  0.13601917
     257.650  0.13465017
     258.320  0.13328118
     258.880  0.13193664
     259.390  0.13061654
     259.870  0.12929644
     260.310  0.12800078
     260.870  0.12670513
     261.450  0.12543392
     261.850  0.12416271
     262.250  0.12291595
     262.770  0.12166919
     263.350  0.12044688
     263.840  0.11922456
     264.370  0.11802670
     264.740  0.11682883
     265.180  0.11565541
     265.800  0.11448198
     266.230  0.11333301
     266.810  0.11218403
     267.460  0.11105950
     267.970  0.10993497
     268.430  0.10883489
     269.010  0.10773481
     269.590  0.10663472
     269.960  0.10555909
     270.290  0.10448345
     270.840  0.10343226
     271.330  0.10238107
     271.900  0.10135432
     272.360  0.10032758
     272.850  0.09930084
     273.440  0.09829854
     273.950  0.09729624
     274.420  0.09631839
     274.920  0.09534054
     275.370  0.09438713
     275.930  0.09343373
     276.340  0.09248032
     276.840  0.09155136
     277.350  0.09062240
     277.820  0.08969344
     278.240  0.08878893
     278.740  0.08788442
     279.190  0.08700435
     279.740  0.08612428
     280.400  0.08524422
     281.110  0.08438860
     281.640  0.08353298
     282.040  0.08267736
     282.590  0.08184618
     283.090  0.08101501
     283.720  0.08018384
     284.390  0.07937711
     284.840  0.07857038
     285.350  0.07776365
     285.710  0.07698137
     286.210  0.07619909
     286.670  0.07541681
     287.160  0.07465897
     287.620  0.07390114
     288.260  0.07314330
     288.640  0.07240992
     289.220  0.07167653
     289.760  0.07094314
     290.250  0.07020975
     290.850  0.06950081
     291.230  0.06879186
     291.620  0.06808292
     292.190  0.06739843
     292.710  0.06671393
     293.140  0.06602943
     293.610  0.06534494
     294.040  0.06468489
     294.460  0.06402484
     294.870  0.06336479
     295.300  0.06272918
     295.760  0.06209358
     296.350  0.06145798
     296.810  0.06082237
     297.270  0.06021122
     297.580  0.05960006
     298.020  0.05898890
     298.600  0.05837774
     299.160  0.05779103
     299.740  0.05720432
     300.150  0.05661761
     300.590  0.05603090
     301.020  0.05546864
     301.330  0.05490637
     301.990  0.05434411
     302.390  0.05378184
     302.930  0.05321958
     303.540  0.05268176
     303.800  0.05214394
     304.210  0.05160612
     304.650  0.05106830
     305.190  0.05055493
     305.520  0.05004156
     305.740  0.04952819
     306.120  0.04901481
     306.490  0.04850144
     306.860  0.04801252
     307.260  0.04752359
     307.710  0.04703466
     308.370  0.04654574
     309.020  0.04605681
     309.530  0.04559233
     309.900  0.04512785
     310.440  0.04466337
     310.920  0.04419890
     311.480  0.04373442
     312.040  0.04329438
     312.640  0.04285435
     313.380  0.04241432
     313.800  0.04197428
     314.260  0.04153425
     314.560  0.04111866
     315.080  0.04070308
     315.530  0.04028749
     316.020  0.03987190
     316.350  0.03945631
     316.800  0.03904073
     317.230  0.03864959
     317.610  0.03825845
     318.060  0.03786731
     318.460  0.03747616
     318.950  0.03708502
     319.240  0.03669388
     319.780  0.03630274
     320.350  0.03593605
     320.810  0.03556935
     321.170  0.03520266
     321.720  0.03483597
     322.140  0.03446927
     322.520  0.03410258
     322.930  0.03376033
     323.320  0.03341808
     323.750  0.03307583
     324.120  0.03273358
     324.550  0.03239134
     325.000  0.03204909
     325.700  0.03170684
     326.130  0.03138904
     326.690  0.03107124
     327.050  0.03075343
     327.530  0.03043563
     327.850  0.03011783
     328.290  0.02980003
     329.100  0.02948223
     329.620  0.02916443
     329.960  0.02887107
     330.400  0.02857771
     330.750  0.02828436
     331.060  0.02799100
     331.640  0.02769765
     332.240  0.02740429
     332.730  0.02711094
     333.130  0.02681758
     333.420  0.02654867
     333.730  0.02627976
     334.340  0.02601085
     334.730  0.02574194
     335.350  0.02547304
     335.760  0.02520413
     336.260  0.02493522
     336.510  0.02466631
     336.670  0.02439740
     336.960  0.02415294
     337.250  0.02390847
     337.590  0.02366401
     338.020  0.02341955
     338.670  0.02317508
     339.110  0.02293062
     339.450  0.02268616
     339.900  0.02244170
     340.230  0.02219723
     340.650  0.02195277
     340.950  0.02173275
     341.140  0.02151274
     341.630  0.02129272
     342.460  0.02107270
     343.000  0.02085269
     343.280  0.02063267
     343.670  0.02041265
     344.010  0.02019264
     344.520  0.01997262
     345.270  0.01975260
     345.840  0.01953259
     346.340  0.01933702
     346.680  0.01914145
     347.210  0.01894588
     347.960  0.01875031
     348.360  0.01855474
     348.920  0.01835916
     349.320  0.01816359
     349.980  0.01796802
     350.420  0.01777245
     350.940  0.01757688
     351.290  0.01738131
     351.800  0.01718574
     352.490  0.01699017
     353.100  0.01681905
     353.640  0.01664792
     353.820  0.01647680
     354.330  0.01630568
     354.980  0.01613455
     355.460  0.01596343
     356.530  0.01579230
     357.080  0.01562118
     357.420  0.01545006
     357.700  0.01527893
     357.990  0.01510781
     358.680  0.01493668
     359.270  0.01476556
     359.540  0.01459444
     359.920  0.01444776
     360.160  0.01430108
     360.820  0.01415440
     361.190  0.01400773
     361.590  0.01386105
     361.940  0.01371437
     362.410  0.01356769
     362.790  0.01342101
     363.200  0.01327434
     363.500  0.01312766
     364.070  0.01298098
     364.590  0.01283430
     365.080  0.01268763
     365.540  0.01254095
     365.830  0.01239427
     366.230  0.01224759
     366.630  0.01210091
     366.920  0.01197868
     367.200  0.01185645
     367.560  0.01173422
     367.990  0.01161199
     368.580  0.01148976
     368.990  0.01136753
     369.800  0.01124529
     369.960  0.01112306
     370.300  0.01100083
     370.400  0.01087860
     370.590  0.01075637
     370.730  0.01063414
     371.410  0.01051191
     371.840  0.01038967
     372.350  0.01026744
     372.820  0.01014521
     373.340  0.01002298
     373.830  0.00990075
     374.070  0.00977852
     374.860  0.00968073
     375.500  0.00958295
     376.220  0.00948516
     376.890  0.00938738
     377.200  0.00928959
     377.860  0.00919181
     377.970  0.00909402
     378.370  0.00899624
     378.630  0.00889845
     379.340  0.00880066
     379.710  0.00870288
     380.400  0.00860509
     380.530  0.00850731
     381.160  0.00840952
     381.300  0.00831174
     382.190  0.00821395
     382.920  0.00811617
     383.680  0.00801838
     383.900  0.00792060
     384.420  0.00782281
     385.290  0.00772503
     385.730  0.00762724
     385.950  0.00752946
     386.380  0.00743167
     386.990  0.00733389
     387.070  0.00726055
     387.480  0.00718721
     387.800  0.00711387
     388.290  0.00704053
     388.420  0.00696719
     389.140  0.00689385
     389.530  0.00682052
     390.120  0.00674718
     390.860  0.00667384
     391.580  0.00660050
     391.860  0.00652716
     392.340  0.00645382
     392.560  0.00638048
     393.050  0.00630714
     393.370  0.00623380
     393.970  0.00616047
     394.640  0.00608713
     395.030  0.00601379
     395.500  0.00594045
     395.910  0.00586711
     396.280  0.00579377
     396.640  0.00572043
     397.040  0.00564709
     397.340  0.00557375
     397.920  0.00550042
     398.210  0.00542708
     398.960  0.00535374
     399.260  0.00528040
     400.420  0.00520706
     401.440  0.00513372
     402.350  0.00506038
     402.850  0.00498704
     403.460  0.00491370
     404.320  0.00484037
     405.000  0.00479147
     405.430  0.00474258
     406.150  0.00469369
     407.430  0.00464480
     408.010  0.00459590
     408.480  0.00454701
     408.840  0.00449812
     409.020  0.00444923
     409.520  0.00440033
     410.430  0.00435144
     411.340  0.00430255
     411.970  0.00425365
     412.480  0.00420476
     412.810  0.00415587
     413.390  0.00410698
     413.560  0.00405808
     413.930  0.00400919
     414.390  0.00396030
     414.570  0.00391141
     415.600  0.00386251
     417.070  0.00381362
     417.260  0.00376473
     418.440  0.00371584
     418.990  0.00366694
     419.510  0.00361805
     419.770  0.00356916
     420.320  0.00352027
     420.600  0.00347137
     421.140  0.00342248
     422.350  0.00337359
     422.960  0.00332470
     423.460  0.00327580
     423.690  0.00322691
     423.970  0.00317802
     424.330  0.00312913
     425.090  0.00308023
     425.480  0.00303134
     426.190  0.00298245
     426.740  0.00293355
     427.510  0.00288466
     428.500  0.00283577
     429.390  0.00278688
     431.000  0.00273798
     431.270  0.00268909
     432.290  0.00264020
     432.620  0.00259131
     433.130  0.00254241
     433.360  0.00249352
     433.740  0.00244463
     434.440  0.00242018
     434.560  0.00239574
     435.180  0.00237129
     436.570  0.00234684
     436.820  0.00232240
     436.820  0.00229795
     436.910  0.00227351
     436.940  0.00224906
     437.120  0.00222461
     438.840  0.00220017
     440.190  0.00217572
     441.110  0.00215127
     441.170  0.00212683
     442.480  0.00210238
     442.750  0.00207793
     443.150  0.00205349
     443.200  0.00202904
     443.620  0.00200460
     443.910  0.00198015
     445.440  0.00195570
     445.860  0.00193126
     446.780  0.00190681
     447.100  0.00188236
     447.930  0.00185792
     448.630  0.00183347
     448.650  0.00180903
     448.780  0.00178458
     449.450  0.00176013
     450.050  0.00173569
     450.330  0.00171124
     451.620  0.00168679
     451.870  0.00166235
     453.460  0.00163790
     455.830  0.00161346
     456.690  0.00158901
     456.980  0.00156456
     457.240  0.00154012
     457.700  0.00151567
     457.870  0.00149122
     459.950  0.00146678
     462.260  0.00144233
     462.640  0.00141788
     465.130  0.00139344
     465.240  0.00136899
     466.870  0.00134455
     466.880  0.00132010
     468.830  0.00129565
     470.750  0.00127121
     471.220  0.00124676
     471.910  0.00122231
     473.340  0.00119787
     474.110  0.00117342
     477.550  0.00114898
     477.890  0.00112453
     478.090  0.00110008
     478.440  0.00107564
     480.350  0.00105119
     483.410  0.00102674
     485.920  0.00100230
     486.440  0.00097785
     491.710  0.00095341
     492.460  0.00092896
     493.590  0.00090451
     493.740  0.00088007
     493.950  0.00085562
     500.110  0.00083117
     512.420  0.00080673
     515.500  0.00078228
     520.430  0.00075784
     521.930  0.00073339
     522.000  0.00070894
     523.950  0.00068450
     535.970  0.00066005
     539.720  0.00063560
     545.040  0.00061116
     555.270  0.00058671
     561.200  0.00056226
     563.740  0.00053782
     564.190  0.00051337
     567.910  0.00048893
     576.990  0.00046448
     578.050  0.00044003
     582.080  0.00041559
     586.810  0.00039114
     591.680  0.00036669
     594.360  0.00034225
     674.730  0.00031780
     684.910  0.00029336
     697.990  0.00026891
     698.560  0.00024446
     835.910  0.00022002
     938.870  0.00019557
    1008.470  0.00017112
    1022.750  0.00014668
    1032.400  0.00012223
    1193.870  0.00009779
    1219.560  0.00007334
    1379.960  0.00004889
   34019.030  0.00002445
  122719.530  0.00000000
