# Digested data for dctcp_tfo_staggered_w4 experiment, run at 2026-04-01 21:42:06.044442
# length  cum_frac  samples     p50      p99     p999   s50    s99    s999
      60  0.002070      994   399.7   2929.2   4953.6  19.5  143.0   241.9
      72  0.004287     1065   386.4   3096.0   4423.2  19.1  153.1   218.8
      92  0.007352     1472   436.7   3002.7   6455.8  21.7  149.4   321.2
     119  0.009647     1102   464.3   2508.7   3764.4  22.9  123.6   185.4
     154  0.011662      968   423.0   2955.3   4146.3  20.9  145.7   204.5
     199  0.013963     1105   436.0   2931.3   4795.2  21.3  143.4   234.6
     222  0.017194     1552   423.4   2991.1   5235.3  20.8  146.7   256.8
     227  0.019651     1180   397.4   2881.1   3845.9  19.6  141.8   189.3
     232  0.022200     1224   450.4   3039.2   8725.1  22.2  150.0   430.7
     237  0.024830     1263   430.9   3200.3   5631.2  21.3  157.9   277.8
     243  0.027303     1188   396.0   2802.7   3802.8  19.6  138.4   187.8
     248  0.029927     1260   426.0   3223.1  13587.0  21.1  159.9   674.0
     254  0.032517     1244   436.9   3102.7   8573.5  21.6  153.4   423.8
     259  0.035132     1256   451.0   2677.0   3459.9  22.3  132.3   170.9
     265  0.037629     1199   443.6   3174.7   4995.2  21.9  156.8   246.7
     271  0.040275     1271   395.1   2579.8   5463.1  19.5  127.5   269.9
     279  0.043621     1607   431.0   2780.0   4881.9  21.2  137.0   240.6
     288  0.047048     1646   423.7   2884.0   4777.2  20.9  142.4   235.9
     297  0.050261     1543   420.4   2812.9   4280.4  20.5  137.1   208.6
     303  0.059598     4484   414.6   2925.8   4063.4  20.0  141.5   196.5
     305  0.068122     4094   442.2   3058.0   6353.3  21.4  147.7   306.9
     308  0.076513     4030   433.7   2794.5   5364.9  21.0  135.1   259.4
     310  0.085204     4174   414.7   3031.2   4309.3  20.0  146.2   207.9
     313  0.093818     4137   421.1   3047.1   5895.7  20.5  148.1   286.5
     315  0.102301     4074   408.5   2932.7   5699.6  19.8  142.4   276.7
     318  0.111096     4224   410.9   3311.5   6120.4  19.9  160.4   296.4
     321  0.119770     4166   422.2   2799.4   4855.4  20.5  136.0   235.9
     323  0.128271     4083   406.1   2997.4   5201.1  19.7  145.7   252.9
     326  0.136640     4019   418.1   2997.6   5097.0  20.4  145.9   248.1
     331  0.142965     3038   442.7   2884.0   5014.2  21.6  140.5   244.4
     335  0.149347     3065   394.1   2977.5   5790.3  19.2  145.1   282.2
     340  0.156033     3211   438.9   3328.3   6372.9  21.4  162.0   310.1
     345  0.162675     3190   417.8   2895.7   6325.2  20.3  140.7   307.3
     350  0.169200     3134   419.3   3057.6   6845.9  20.3  148.1   331.5
     355  0.175736     3139   404.3   3148.2   5663.6  19.5  152.2   273.9
     360  0.181960     2989   408.7   2934.6   6343.4  19.6  140.9   304.5
     365  0.188208     3001   417.6   3061.5   5161.7  20.0  146.6   247.2
     371  0.194355     2952   415.7   3014.7   6660.7  20.1  145.5   321.5
     376  0.200976     3180   447.8   2982.1   6015.2  21.6  143.9   290.2
     385  0.204941     1904   414.5   2901.7   4517.7  20.0  140.1   218.1
     395  0.209044     1971   414.8   3036.4   7150.9  20.0  146.3   344.6
     405  0.213132     1963   431.3   2899.9  10354.6  20.8  139.6   498.3
     415  0.217306     2005   406.4   2940.6   4066.4  19.5  141.2   195.2
     425  0.221231     1885   430.6   2904.8   4858.4  20.7  139.5   233.4
     430  0.225489     2045   400.6   3113.1   6247.2  19.2  149.5   300.1
     435  0.229531     1941   429.6   3201.5   7137.0  20.7  154.1   343.6
     441  0.233499     1906   444.8   2809.6   6229.9  21.4  135.1   299.7
     446  0.237628     1983   409.2   3169.1   9179.5  19.7  152.4   441.5
     452  0.241928     2065   438.3   2916.9   7233.1  21.1  140.5   348.4
     457  0.246005     1958   405.9   2594.5   4658.2  19.5  124.6   223.7
     463  0.250267     2047   411.6   2876.7   4512.5  19.6  137.2   215.3
     468  0.254157     1868   408.7   2893.1   7615.7  19.5  137.7   362.5
     474  0.258150     1918   415.9   2863.2   5169.2  19.8  136.5   246.5
     480  0.262037     1867   417.4   3079.7   6935.6  19.9  146.8   330.6
     491  0.281395     9297   418.1   2966.9   5177.7  19.9  141.1   246.2
     502  0.300866     9351   423.1   3019.8   4966.6  20.2  143.9   236.6
     513  0.320663     9508   429.6   2918.1   5113.9  20.5  139.2   244.0
     525  0.340173     9370   423.9   3052.7   7042.6  20.1  144.6   333.6
     537  0.359980     9513   435.4   2930.5   5514.3  20.6  138.6   260.7
     549  0.379611     9428   413.3   2889.4   6386.0  19.5  136.6   301.9
     561  0.399256     9435   426.0   2921.5   5109.6  20.3  139.2   243.4
     574  0.418945     9456   417.9   2893.7   5091.2  19.9  137.6   242.1
     587  0.438571     9426   409.3   2949.9   5899.6  19.5  140.2   280.4
     600  0.458485     9564   407.7   3011.8   6207.3  19.4  143.1   294.9
     607  0.464277     2782   409.4   3256.1   5555.2  19.5  155.0   264.4
     615  0.470060     2777   414.6   3351.0   7332.6  19.7  159.0   347.8
     623  0.475865     2788   412.4   2909.2   4898.6  19.6  137.9   232.3
     630  0.481478     2696   427.0   3203.1   8547.0  20.3  152.1   405.8
     638  0.487533     2908   431.1   3084.5   5968.1  20.4  146.2   282.8
     646  0.493419     2827   409.1   3060.0   5684.4  19.4  145.2   269.7
     654  0.499035     2697   398.1   3213.3   5382.1  18.9  152.4   255.3
     662  0.504800     2769   421.3   2922.0   5116.6  19.9  138.3   242.1
     671  0.510603     2787   427.4   2970.6   5820.0  20.2  140.7   275.6
     679  0.516567     2864   428.2   2832.4   6748.6  20.3  134.0   319.4
     685  0.520054     1675   390.2   2954.8   5569.2  18.5  139.8   263.4
     690  0.523438     1625   436.5   3055.1   4990.4  20.7  144.8   236.5
     696  0.527065     1742   410.3   3010.0   4339.9  19.5  142.7   205.8
     702  0.530596     1696   413.1   2976.4   8914.2  19.6  140.9   421.9
     707  0.534013     1641   395.6   3380.1   7413.7  18.8  160.5   352.0
     713  0.537801     1819   412.5   3056.9   5173.2  19.6  145.0   245.4
     719  0.541473     1764   412.1   3187.0   7030.1  19.6  151.3   333.7
     725  0.544897     1644   443.4   3035.4   7343.5  21.0  143.7   347.5
     731  0.548380     1673   414.0   3276.5   8011.8  19.6  155.4   379.9
     737  0.552072     1773   417.7   2842.1   3522.0  19.8  134.4   166.6
     749  0.556983     2359   428.0   2915.3   5038.6  20.2  137.4   237.6
     762  0.561722     2276   432.1   2890.2   4326.1  20.4  136.5   204.4
     774  0.566087     2096   406.1   2951.4   4443.0  19.0  138.4   208.4
     787  0.570886     2305   427.2   3163.6   5917.7  20.1  148.9   278.5
     800  0.575737     2330   406.8   2731.2   5827.4  19.1  128.4   274.0
     816  0.578894     1516   405.0   2497.8   3604.6  19.0  117.2   169.2
     833  0.581803     1397   460.1   3142.4   3961.2  21.6  147.6   186.1
     850  0.585001     1536   434.8   2955.4   9266.1  20.4  138.6   434.6
     867  0.587941     1412   452.0   3086.8   8923.4  21.1  144.0   416.2
     885  0.591041     1489   414.4   2874.7   5910.8  19.4  134.5   276.6
     914  0.594560     1690   413.2   2763.0   5895.1  19.3  128.9   275.0
     945  0.598387     1838   432.8   2934.6   4931.5  20.2  136.9   230.1
     976  0.602222     1842   424.4   2877.8   4804.7  19.7  133.9   223.6
    1009  0.605895     1764   405.9   2685.9   4879.8  18.8  124.6   226.3
    1042  0.609814     1882   395.5   3109.3   8737.5  18.3  143.7   403.8
    1085  0.613425     1734   446.4   2897.8   4510.4  20.6  133.5   207.8
    1130  0.617183     1805   435.6   2949.8   4381.2  20.1  136.0   202.0
    1177  0.620852     1762   410.5   2756.8   4002.0  18.8  126.3   183.4
    1226  0.624712     1854   407.9   3081.1   4355.8  18.7  141.1   199.5
    1277  0.628516     1827   405.0   3077.3   6602.5  18.5  140.8   302.0
    1316  0.632074     1709   429.2   3062.9   3711.7  19.5  139.2   168.6
    1357  0.635350     1573   446.8   3228.1   6517.8  20.4  147.4   297.6
    1399  0.638812     1663   449.9   2855.2   5653.9  20.5  130.0   257.5
    1436  0.641446     1265   430.9   3098.2   4190.8  16.9  121.4   164.2
    1484  0.644634     1531   433.1   3082.0   7254.9  17.0  121.3   285.5
    1534  0.647686     1466   439.6   2847.5   3940.4  17.3  111.8   154.7
    1559  0.652015     2079   435.2   3217.7   5096.3  17.0  125.4   198.7
    1585  0.656240     2029   422.2   2758.6   5051.9  16.5  107.5   197.0
    1611  0.660427     2011   436.9   2959.5   5741.0  17.1  115.5   224.1
    1637  0.664554     1982   431.9   2714.2   4248.0  16.9  106.3   166.3
    1664  0.668647     1966   421.7   2838.9   6844.2  16.4  110.7   266.8
    1865  0.671585     1411   428.5   2966.8   5464.6  16.6  115.3   212.3
    2091  0.674315     1311   446.1   2972.8   6795.9  17.2  114.3   261.4
    2412  0.677932     1737   432.1   3003.7   4648.3  16.6  115.3   178.4
    2742  0.680670     1315   406.9   3296.8   5030.5  15.6  126.2   192.6
    3118  0.683447     1334   446.0   2855.2   5351.5  16.3  104.1   195.2
    3544  0.686215     1329   442.5   3024.1   4337.4  15.9  108.9   156.1
    4030  0.689090     1381   418.0   2983.6   5102.5  14.7  105.1   179.8
    4582  0.691868     1334   454.9   2899.9   6121.4  15.3   97.3   205.5
    5210  0.694425     1228   464.1   2803.8   3687.7  15.4   93.0   122.3
    5652  0.697383     1421   455.5   3016.7   4601.3  15.1   99.7   152.1
    6132  0.700269     1386   467.2   2842.0   7502.0  14.5   87.9   232.0
    6653  0.703118     1368   418.9   3365.7   6827.5  12.9  103.8   210.7
    7217  0.705949     1360   442.1   2984.8   5991.8  13.1   88.7   178.1
    7830  0.708933     1433   482.4   3172.3   4119.8  14.1   92.8   120.5
   10373  0.711648     1304   470.4   2998.9   7045.1  11.6   74.2   174.4
   13741  0.714116     1185   479.5   2818.8   4431.7  10.6   62.6    98.4
   18203  0.716660     1222   469.6   2893.4   4123.7   9.1   56.3    80.2
   24115  0.719356     1295   498.0   3016.9   9917.8   7.8   47.3   155.5
   31946  0.722138     1336   500.0   2881.8   3849.0   6.5   37.6    50.2
   33343  0.724816     1286   525.2   2777.2   5617.9   6.6   35.1    71.0
   34801  0.727456     1268   497.8   3098.4   9808.0   6.1   38.3   121.2
   36322  0.730279     1356   520.0   3246.1   5208.5   6.2   38.8    62.2
   37450  0.733151     1379   555.2   3358.1   7546.7   6.2   37.3    83.9
   38377  0.735835     1289   592.1   3187.9   4870.1   6.4   34.5    52.7
   39327  0.738587     1322   546.1   3046.8   7331.8   5.9   32.7    78.7
   40382  0.742283     1775   540.3   2985.2   4149.7   5.6   31.2    43.3
   41214  0.746002     1786   553.6   2887.1   4878.2   5.7   29.6    50.0
   42062  0.749773     1811   542.1   3105.8   5493.9   5.5   31.6    55.9
   42928  0.753350     1718   570.1   3538.3   8017.8   5.7   35.6    80.6
   43811  0.757164     1832   567.9   3267.2   6228.9   5.7   32.6    62.1
   44531  0.760935     1811   582.7   3283.8   6331.1   5.7   32.2    62.1
   45079  0.765012     1958   558.9   3077.9   4465.8   5.5   30.1    43.7
   45634  0.769166     1995   587.7   3123.2   8292.6   5.6   29.7    78.9
   46195  0.773332     2001   541.4   3036.0   6201.5   5.1   28.6    58.5
   46763  0.777344     1927   566.1   3081.4   6643.8   5.3   29.1    62.8
   47435  0.783131     2779   590.7   3295.4   6550.4   5.5   30.5    60.6
   47823  0.786927     1823   576.4   3060.6   6188.7   5.4   28.6    57.8
   48215  0.790479     1706   583.5   3112.8   5440.6   5.4   29.0    50.8
   48609  0.793925     1655   568.2   2972.9   6158.7   5.2   27.2    56.3
   49007  0.797541     1737   603.5   3180.0   4245.1   5.5   28.9    38.6
   49408  0.801116     1717   568.1   3050.9  10182.5   5.1   27.7    92.3
   49813  0.804869     1802   580.4   3009.8   5968.9   5.2   27.0    53.6
   50221  0.808464     1727   608.7   3444.3   9171.9   5.4   30.8    82.1
   50632  0.812037     1716   605.2   2953.7   4872.8   5.4   26.4    43.5
   51046  0.815744     1780   615.1   3154.0   4756.1   5.5   28.2    42.5
   55381  0.818736     1437   610.2   3035.9   3817.2   5.0   24.8    31.1
   60084  0.821865     1503   609.6   3366.0   6561.2   4.7   26.1    50.8
   64132  0.825142     1574   617.9   2971.2   7493.6   4.6   22.2    56.0
   66528  0.827962     1354   642.8   3690.2   6772.9   4.7   27.0    49.5
   69014  0.830731     1330   677.0   3438.6   4804.9   4.8   24.5    34.3
   71156  0.833538     1348   675.9   3290.1   5583.4   4.7   22.9    38.9
   72473  0.836265     1310   719.4   3656.4   5411.7   4.9   24.7    36.5
   73814  0.838868     1250   719.2   3965.0   7277.9   4.9   26.9    49.3
   75180  0.841687     1354   671.3   3567.5   4251.9   4.3   23.1    27.5
   75795  0.844544     1372   707.8   3420.8   7763.0   4.5   21.9    49.7
   76416  0.847451     1396   731.9   3366.1   6057.1   4.7   21.5    38.6
   77041  0.850357     1396   699.6   3452.2   5665.6   4.4   21.8    35.8
   77672  0.853339     1432   699.4   3388.0   9005.5   4.4   21.4    57.0
   78307  0.856085     1319   700.5   3769.3   7595.0   4.4   23.5    47.4
   78948  0.859157     1475   686.6   3305.3   5030.9   4.3   20.5    31.2
   79595  0.862172     1448   708.1   3258.8   6491.7   4.3   19.9    39.6
   80246  0.865155     1433   719.9   3262.4   6872.4   4.4   20.0    42.0
   80903  0.868285     1503   709.3   3591.4   6745.5   4.3   22.0    41.3
   81565  0.871435     1513   706.3   3753.2   6286.2   4.3   22.7    38.0
   85305  0.874727     1581   746.6   3726.7   5919.9   4.3   21.7    34.4
   89216  0.878098     1619   720.0   3668.2  11658.8   4.0   20.6    65.4
   93306  0.881498     1633   742.7   3721.2   5875.8   3.9   19.6    31.0
   97584  0.885009     1686   740.8   3312.7   4821.7   3.8   16.9    24.6
  102058  0.888532     1692   770.5   3657.4   6140.5   3.8   18.1    30.3
  105871  0.891407     1381   793.0   3523.3   5068.6   3.8   16.7    24.1
  109826  0.894220     1351   755.1   3750.8   5830.2   3.5   17.3    26.9
  113929  0.897052     1360   766.6   3998.6   6580.4   3.2   16.7    27.4
  118669  0.899725     1284   790.6   4221.3   7319.9   3.1   16.8    29.1
  123857  0.902399     1284   792.2   3774.5   5876.7   3.0   14.5    22.6
  129272  0.905181     1336   833.4   3478.6   8510.9   3.0   12.4    30.5
  135199  0.907885     1299   817.7   3887.0   5351.2   2.8   13.3    18.4
  141975  0.910815     1407   814.5   4198.6   5846.9   2.7   13.8    19.1
  149091  0.913503     1291   836.7   3767.1   5077.8   2.6   11.5    15.5
  156563  0.916528     1453   862.3   4113.1   6813.5   2.5   12.0    19.8
  164410  0.919433     1395   863.0   4397.9   6025.7   2.4   12.2    16.7
  172651  0.922354     1403   884.6   3810.9   5012.8   2.1    9.2    12.0
  181304  0.924982     1262   948.6   4219.9   5625.0   2.3   10.4    13.9
  189618  0.927724     1317   901.4   4406.3   5467.1   2.0    9.8    12.1
  197911  0.930660     1410   984.1   3914.5   5625.3   2.1    8.3    12.0
  206566  0.933346     1290   993.4   4255.8   6055.8   2.0    8.6    12.2
  215160  0.936024     1286   979.1   4196.6   7113.6   1.9    8.1    13.7
  223195  0.938805     1336  1029.6   4317.1   6395.2   1.9    8.1    12.0
  231530  0.941564     1325  1059.5   4392.1   7422.1   1.9    7.9    13.4
  240177  0.944231     1281  1038.9   4556.9   9591.9   1.8    8.0    16.8
  253761  0.946799     1233  1089.9   4638.1   8904.7   1.8    7.7    14.8
  268113  0.949693     1390  1088.8   4717.2   6454.5   1.7    7.3    10.0
  283277  0.952741     1464  1136.2   5081.0   7967.7   1.6    7.3    11.5
  318166  0.955402     1278  1229.9   5650.6   9963.2   1.6    7.4    13.1
  368444  0.958251     1368  1340.0   5579.8   7683.2   1.6    6.6     9.1
  426666  0.961126     1381  1417.1   5564.0  12302.9   1.5    5.7    12.7
  514641  0.963956     1359  1774.0   6901.6  10876.4   1.5    5.9     9.3
  643946  0.966658     1298  2322.4   9218.2  11471.3   1.2    4.9     6.1
  792711  0.969480     1355  2657.8  10197.0  12427.5   1.3    5.0     6.1
  940700  0.972062     1240  2980.6  11804.3  16089.3   1.2    4.9     6.6
 1000000  1.000000    13418  3333.9  12174.4  17657.2   1.5    5.5     8.0
